date wind precip sunshine clouds pressure temperature
2021-05-20 3.9 0 7.933 5.9 1005.26 12.9
2021-05-21 5.5 0.6 7.683 5.1 994.22 14.9
2021-05-22 5.9 0.4 3.833 7 992.93 12.4
2021-05-23 5 0 6.667 5.5 1000.92 11.9
2021-05-24 4.2 1 13.267 5 1001.52 15.6
2021-05-25 5.2 3.7 4.017 7.5 999.57 11.5
2021-05-26 5.4 0 5.917 7.3 998.7 12.2
2021-05-27 5.7 1 3.983 7 1001 11.5
2021-05-28 4.4 0.3 4.467 6.9 1008.64 12.1
2021-05-29 5.1 0 4.583 5.6 1012.25 11.5
2021-05-30 3.7 0 14.6 1.9 1014.15 14.5
2021-05-31 2.5 0 15.75 2.4 1011.27 14.9
2021-06-01 3.9 0 10.65 7.8 1006.78 17.5
2021-06-02 3.7 0 11.033 3.6 1007.66 18.3
2021-06-03 4.2 0.4 14.333 3.7 1010.57 20.7
2021-06-04 4.4 0.3 7.233 6.3 1009.3 19.4
2021-06-05 4 0 12.833 7.3 1007.15 21.4
2021-06-06 3.6 0 8.617 6.4 1007.6 21.2
2021-06-07 3.7 0 15.433 1.6 1008.91 20.3
2021-06-08 3.4 0 13.517 1.5 1009.45 21.3
2021-06-09 2.3 0 15.617 2.6 1009.22 21.1
2021-06-10 3.4 0 10.75 7 1007.22 22.4
2021-06-11 2.9 0 11.95 6.3 1005.46 22.5
2021-06-12 5.7 1.3 4.083 5.3 1003.67 18.3
2021-06-13 5.6 0 5.7 4 1011.82 15
2021-06-14 2.6 0 15.383 2.1 1009.53 19.6
2021-06-15 3.1 0 5.867 7.5 1006.91 19.6
2021-06-16 3.7 0 15.233 3.5 1006.19 21.3
2021-06-17 4 0 15.467 0.2 1003.59 26.3
2021-06-18 4.1 0 15.783 0 1002.41 27.8
2021-06-19 3 1.6 11.917 3.4 1001.07 27.7
2021-06-20 3.8 0.6 7.7 5.4 996.92 27.1
2021-06-21 4.2 0 10.25 4.3 994.86 24.5
2021-06-22 3.8 0.1 1.017 6.6 1002.08 18.1
2021-06-23 2.5 0 3.383 7 1008.1 16.3
2021-06-24 1.8 1.8 0 8 1006.82 16.7
2021-06-25 2.3 0 3 7.8 1005.6 19.6
2021-06-26 2.4 0 12.933 3.7 1006.9 20.8
2021-06-27 2.3 0 14.683 2.1 1005.76 21.5
2021-06-28 2.9 0 10.2 5.9 1003.45 25
2021-06-29 2.8 24.1 4.4 7.5 998.81 23.2
2021-06-30 4.5 33.7 0 7.5 996.19 17.4
2021-07-01 5.5 7.4 0 7.8 998.7 15.2
2021-07-02 4.5 0 7.667 5.7 1003.05 18.8
2021-07-03 3.6 0 13.867 2 1003.25 19.4
2021-07-04 2.3 0 12.783 3.3 999.02 21.8
2021-07-05 3.3 1.3 5.4 7 997.91 19.8
2021-07-06 4.2 8 9.283 5.6 998.62 22.5
2021-07-07 2.6 6.2 4.35 6.3 1006.1 18.2
2021-07-08 2.7 4.2 2.917 7.6 1008.96 18.1
2021-07-09 4.4 21.8 0 7.8 1004.07 16.7
2021-07-10 4.8 0 8.583 7 1004.93 19.1
2021-07-11 3.9 0 12.05 5.6 1004.46 22.1
2021-07-12 2.8 0 3 6.7 1001.16 21.2
2021-07-13 3.5 2.2 11.667 6.2 997.25 23.5
2021-07-14 3.2 0 4.45 6.5 997.43 20.6
2021-07-15 2.4 0 7.683 4.3 1000.76 21.5
2021-07-16 3.5 6.8 9.1 5 1004.97 22.6
2021-07-17 4 0 6.767 5.8 1006.93 22.7
2021-07-18 3.9 0 11.967 2.5 1007.14 21.4
2021-07-19 3.7 0 1.067 6.8 1007.45 17
2021-07-20 3.1 0 5.05 5.9 1007.51 17.1
2021-07-21 2.7 0 1 7 1010.3 17.8
2021-07-22 2 0 1.567 7.4 1009.14 19.4
2021-07-23 2.1 0 11.067 2 1005.21 19.7
2021-07-24 3.5 0 10.833 2.8 1000.43 22.9
2021-07-25 3.7 0 8.05 6.4 997.83 23.3
2021-07-26 3.1 0 5.733 6.6 998.85 23.6
2021-07-27 4.3 0 10.133 6 1000.08 22.8
2021-07-28 3.8 0 4.983 5.8 999.37 20.8
2021-07-29 5.3 0 7.967 4.1 998.76 19.9
2021-07-30 4.5 0 12.883 4.7 996.89 20.2
2021-07-31 5.9 0 7.283 4.5 994.91 20.4
2021-08-01 3.3 12.1 4.05 6.8 996.26 17.2
2021-08-02 4.5 0 7.45 5.4 999.7 16.8
2021-08-03 2.1 1.8 3.65 6.8 1001.95 17.3
2021-08-04 2.4 0.5 4.683 6.6 1001.65 17.6
2021-08-05 3.1 4.8 5.85 7.8 998.31 17.8
2021-08-06 2.9 19 7.45 5.9 994.27 18.3
2021-08-07 3.6 4.8 8.383 4.9 993.62 18.7
2021-08-08 5.2 1.8 7.6 5.6 997.99 18
2021-08-09 4 2.1 5.933 5.6 1005.73 16.5
2021-08-10 3.7 4.2 6.483 5.3 1004.86 17.5
2021-08-11 3.3 0 9.5 4.4 1007.49 17.6
2021-08-12 2.3 0 11.517 5.2 1009.28 20.8
2021-08-13 3.1 0 10.15 6.6 1007.78 23.4
2021-08-14 3.3 0 12.867 4.8 1007.28 21.4
2021-08-15 2.8 0 11.433 6.2 1001.9 20.5
2021-08-16 6.3 2.2 5.05 5.5 995.96 18
2021-08-17 7.9 0.3 0.5 7 999.47 14.8
2021-08-18 5.9 0.2 2.733 7.5 1000.22 16.6
2021-08-19 5.1 0.2 0.667 7.9 1000.27 17.8
2021-08-20 3.2 0.8 2.417 7.3 1004.02 17.4
2021-08-21 2.2 0 9.2 6.2 1007.21 18.7
2021-08-22 3.5 11.8 1.633 7.8 1004.17 17.5
2021-08-23 3.9 0 1.15 6.9 1008.1 16.2
2021-08-24 3.7 0 11.317 3.1 1014.36 16.1
2021-08-25 4.6 8 4.617 6 1006.25 14.8
2021-08-26 5 17.4 1.95 7.6 997.05 13.5
2021-08-27 3.7 1.7 3.967 7.2 999.17 14.2
2021-08-28 2.2 0.8 2.917 7.8 1003.44 15.1
2021-08-29 2.3 12.1 1.433 7.5 1002.43 15.5
2021-08-30 3.3 3.2 0.067 7.9 1003.47 15.4
2021-08-31 4.3 0 6.383 6.4 1007.96 16
2021-09-01 3.9 0 6 4.6 1012.92 14.8
2021-09-02 3 0 5.483 3.9 1014.44 15.1
2021-09-03 3.5 0 11.45 0.9 1008.35 16.6
2021-09-04 3.4 0 3.367 5.5 1007.19 13.8
2021-09-05 2.1 0 6.133 5.9 1010.82 15.3
2021-09-06 2.6 0 10.417 4.5 1011.84 16.4
2021-09-07 2 0 9.033 5.6 1012.07 17
2021-09-08 3.2 0 12.05 0 1008.4 18.3
2021-09-09 3.8 0 12.15 1 1001.71 19.3
2021-09-10 3.6 8 8.85 2.6 1001.63 19.9
2021-09-11 3.2 3.5 3.2 6.3 1003.76 18.8
2021-09-12 3.3 0.4 1.583 7.6 1004.74 17
2021-09-13 3.1 0 5.267 5.9 1006.49 15.4
2021-09-14 3.4 0 11.633 2 1006.2 16.2
2021-09-15 4.2 9.9 2.5 7.8 1000.38 17.9
2021-09-16 5.2 0.9 1.067 7.4 1000.91 16.9
2021-09-17 5.1 0 0.733 7.7 1001.44 14.3
2021-09-18 3.8 1 0.35 7.9 1004.23 13.8
2021-09-19 2.5 0 0.317 8 1006.53 12.7
2021-09-20 1.7 0 1.733 7.8 1009.9 12.2
2021-09-21 3.8 0.1 1.917 7.8 1014.43 12.4
2021-09-22 3.9 0 4.517 5.5 1013.19 13.5
2021-09-23 7 0.5 2.683 6.4 1002.03 14.7
2021-09-24 6.3 0 2.783 7.3 1001.38 14.6
2021-09-25 4.2 0 1.933 5.8 1004.09 17.2
2021-09-26 3.8 0.5 9.6 4.3 1005.7 18.1
2021-09-27 3.3 0.2 0.017 8 1005.29 16.9
2021-09-28 3.5 0.2 1.467 7.9 1009.79 14.9
2021-09-29 3.7 16.7 2.05 6.3 1006.08 13
2021-09-30 5.7 0 5.533 5.4 1011.99 10.6
2021-10-01 4.4 0 9.683 7.8 1008.8 11.5
2021-10-02 4.5 0 6.95 7.5 1000.89 13.9
2021-10-03 5.3 0.2 0.783 7.9 996.16 17
2021-10-04 2.8 1.2 0 7.9 1005.61 13.6
2021-10-05 2.9 9.4 0 7.9 998.84 12
2021-10-06 4 0 5.417 4.5 1004.79 12
2021-10-07 2.2 0 10.817 1 1016.22 11.2
2021-10-08 3.5 0 9.367 2 1020.07 11
2021-10-09 4.5 0 10.65 0.1 1020.78 7.9
2021-10-10 3.9 0 9.95 2 1016.27 7.1
2021-10-11 4.7 1.3 4.167 5.1 1009.23 8.3
2021-10-12 5.2 0 2.65 3.1 1003.57 8.1
2021-10-13 4.4 1.8 6.283 3.4 1008.96 6.7
2021-10-14 5.2 1.1 0 7.8 1007.7 10.4
2021-10-15 5.7 1.2 1.5 5.1 1002.54 10.1
2021-10-16 3.4 0.1 2.617 7.2 1008.89 8.2
2021-10-17 3.8 0.8 0.333 7.9 1008.46 9
2021-10-18 3.8 0 4.233 7.9 1011.47 10.7
2021-10-19 4.2 0 2.433 7.8 1006.59 12.3
2021-10-20 6.3 1 1.217 7.9 994.59 15.1
2021-10-21 9.3 1.4 1.35 6.6 985.22 12.1
2021-10-22 8.2 4 0.333 5.9 997.96 6.8
2021-10-23 5.8 0 6.733 4 1012.4 6.7
2021-10-24 3.7 0 9.517 4.7 1015.79 6.6
2021-10-25 4.5 0 6.133 5.2 1008.18 6.2
2021-10-26 4.2 0 0.55 7.8 1007.73 9.6
2021-10-27 4.2 0 0.367 7.9 1010.78 11.8
2021-10-28 3.8 0 9.05 1.8 1008.34 9.7
2021-10-29 4 0 8.9 2.1 1001.74 8.2
2021-10-30 4.8 0 7.4 5.6 997.28 9.7
2021-10-31 4.9 0 7.933 7.8 996.11 12.5
2021-11-01 4.1 0.8 0.033 7.7 990.45 9.9
2021-11-02 2.5 0 2.2 7.4 989.25 8.7
2021-11-03 3.2 0 1.45 6.1 991.32 6.5
2021-11-04 5.4 50.5 0 7.8 987.39 6.8
2021-11-05 5.7 0 0.067 7.7 1005.03 7.6
2021-11-06 5.4 0 1.483 7.9 1011.78 8.4
2021-11-07 6.7 1.6 1.017 7.1 999.81 7.7
2021-11-08 5.2 0.7 0.633 7.6 1006.83 8.3
2021-11-09 3.2 0 3.35 5.5 1015.73 7.7
2021-11-10 3.3 0 7.2 5.7 1013.23 4.3
2021-11-11 2.8 0.3 3.5 6.5 1011.66 4.9
2021-11-12 2.6 0.1 0 7 1008 5.6
2021-11-13 2.8 0 3 7.9 1002.94 4.6
2021-11-14 2.8 0 0 8 1012.22 6.2
2021-11-15 3.5 0 0 NA 1016.45 5.3
2021-11-16 2.7 0 0 7.9 1011.17 5.8
2021-11-17 3.9 0 0 7.6 1007.32 5.2
2021-11-18 6 2 0 7.4 1011.07 7.5
2021-11-19 7.4 0 0 8 1010.9 11
2021-11-20 5.6 0 0.1 8 1008.11 10.6
2021-11-21 4.2 0.5 0 8 998.26 7.4
2021-11-22 3.5 0.2 6.3 3.6 1010.4 3
2021-11-23 4.9 0.5 0 6.7 1013.8 4.5
2021-11-24 3.3 0.2 0.333 8 1009.78 6.4
2021-11-25 3.4 0 0.517 7.9 997.07 3.9
2021-11-26 3.7 0 2.433 7.6 986.25 3.8
2021-11-27 3.7 3.7 0.183 7.5 980.31 1.2
2021-11-28 3.2 0 6.817 4.1 984.48 1
2021-11-29 4 0.3 0.217 7.8 990.6 2
2021-11-30 7.7 4.5 0 7.4 987.68 3.2
2021-12-01 6.9 2.9 0 7.7 980.56 5.5
2021-12-02 7.6 0 7.083 2.4 984.83 1.5
2021-12-03 6 0.4 4.117 5.5 994.77 0.3
2021-12-04 3.9 3.8 0 7.9 987.97 1.2
2021-12-05 2 0.3 0 7.9 992.28 0.6
2021-12-06 1.9 0 0.033 7.9 1002.39 0.3
2021-12-07 4.6 0 0.017 7.9 999.12 -0.8
2021-12-08 5.4 0 0 7.9 993.11 -0.4
2021-12-09 3 2.3 0 7.7 993.5 -1.4
2021-12-10 2.5 0 0 8 988.06 -0.5
2021-12-11 2.1 0 0 7.9 1001.41 -1.2
2021-12-12 4.5 0.8 0 7.7 1010.37 0.6
2021-12-13 3.3 1.3 0 8 1013.54 6.6
2021-12-14 3.9 0.9 0 7.9 1013.89 6.8
2021-12-15 4.2 0.1 0 8 1016.7 7.9
2021-12-16 5 0.1 1.683 6 1021.28 6.6
2021-12-17 4.1 0.1 0 7.7 1024.71 5.3
2021-12-18 4.4 0.6 0 7.8 1021.3 5.7
2021-12-19 6.9 1.6 0 6.3 1009.79 5.7
2021-12-20 4.2 0.4 5.7 2.8 1012.46 0.5
2021-12-21 2.2 0 0 8 1014.17 -0.2
2021-12-22 3.3 0 6.65 7.4 1014.08 -1.5
2021-12-23 3.9 10.4 0 7.7 998.73 -1.5
2021-12-24 5.1 7.8 0 7.7 988.29 1.9
2021-12-25 1.7 0 7.4 0.9 1001 -6.4
2021-12-26 4.8 0 7.383 0 1001.66 -7.8
2021-12-27 5.6 0 0.017 7.5 995.22 -3.7
2021-12-28 5 3 0 7.5 987.32 -0.7
2021-12-29 3.8 0.2 0 7.6 992.12 4
2021-12-30 5.8 3.4 0 7.7 999.57 8.9
2021-12-31 7.1 3.9 0 7.8 1002.78 12.1
2022-01-01 5.5 0.1 0 8 1009.65 11.3
2022-01-02 5.6 3.9 0 7.8 1000.43 9.1
2022-01-03 6.8 1.7 0.733 5.5 994.38 7.9
2022-01-04 4.3 1.3 0 7.8 984.51 5.7
2022-01-05 6.2 0.3 2.05 6.9 986.28 3.2
2022-01-06 5.4 0 7.367 1.5 1002.04 0.3
2022-01-07 5.4 1.8 0.25 7.3 1001.29 0.1
2022-01-08 4.3 0 1.733 6.9 995.85 0.6
2022-01-09 4.1 1.2 0 7.8 986.83 1.1
2022-01-10 3.1 1.4 0 7.7 1007.89 2.8
2022-01-11 2.7 0 0 7.7 1022.74 -2.3
2022-01-12 3.7 0 0.117 7.9 1023.9 0.6
2022-01-13 6.2 0 0 7.9 1022.06 3.8
2022-01-14 6.5 0 0 7.7 1017.39 5
2022-01-15 2.9 0 1.717 7.5 1016.45 1.8
2022-01-16 5.2 0.3 0.017 7.9 1008.07 1.6
2022-01-17 7.9 3.8 1.017 4.8 1010.06 3.5
2022-01-18 4 0 0.15 6.3 1022.19 2.3
2022-01-19 4.9 0.5 2.167 7.8 1009.91 3.4
2022-01-20 8.1 1 4.517 4.9 1003.46 0.9
2022-01-21 6.6 2 8.083 3.1 1011.73 -0.4
2022-01-22 3.5 1.3 1.083 7.8 1014.81 2.8
2022-01-23 3.5 1.6 0 7.9 1020.05 5.1
2022-01-24 2.3 0.5 0 7.9 1021.9 4.8
2022-01-25 3.8 1.4 0.017 7.9 1019.22 3.5
2022-01-26 5.5 0.4 0 7.8 1015.01 2.3
2022-01-27 7.9 1.2 0 7.2 1004 3.9
2022-01-28 8 0.9 5.317 6.5 1011.15 4
2022-01-29 8.5 4.2 0 7.6 1003.22 5.5
2022-01-30 11.3 0 0.167 7.3 1001.63 5.3
2022-01-31 3.2 0.2 0.017 7.5 995.44 2.2
2022-02-01 7.2 4.5 0 7.8 993.95 2.9
2022-02-02 8 0.4 0.517 6.9 996.78 4.4
2022-02-03 4.3 4 0 7.3 1003.37 4
2022-02-04 5.7 0.6 0.017 NA 995.76 5.9
2022-02-05 7.4 1.1 1.683 7.3 1001.38 4.1
2022-02-06 8.1 5.4 0.15 7.3 987.95 4.9
2022-02-07 8.2 0 2.45 6 998.5 3.4
2022-02-08 6.6 0.7 0 7.7 1009.83 5.8
2022-02-09 5.8 0 0 7.8 1010.63 8.5
2022-02-10 4 1.8 0.35 7.8 1006.22 6.8
2022-02-11 3.8 0.1 1.167 6.6 1010.52 2.9
2022-02-12 4.5 0 8.383 4 1018.21 0.4
2022-02-13 6 0 9 7.4 1004.25 3.2
2022-02-14 6.1 0 7.233 6.5 994.1 7.4
2022-02-15 4.6 0.6 2.183 7 997.05 6.4
2022-02-16 7.5 8.1 0 7.9 985.29 7.2
2022-02-17 12.4 0.2 2.467 6.3 980.82 7.9
2022-02-18 7.9 2 0.267 5.7 988.14 6.3
2022-02-19 10.7 2.9 1.267 6.8 993.09 5.5
2022-02-20 6.5 7.8 0.4 7.6 991.49 5.1
2022-02-21 8.8 2.8 0.85 7.3 982.26 5.3
2022-02-22 7.3 1.3 2.583 7.3 998.28 5.1
2022-02-23 7.2 0 7.1 3.5 1007.91 5.9
2022-02-24 6.9 0.2 1.233 5.8 999.63 5.7
2022-02-25 6.7 0.1 3 5.8 1004.56 3.8
2022-02-26 3.8 0 0.067 6.4 1019.43 3.8
2022-02-27 3.6 0 9.4 2.4 1024.85 1.4
2022-02-28 3 0 7.283 3.6 1023.9 1
2022-03-01 3.9 0 9.883 2.4 1020.11 1.2
2022-03-02 2.6 0 7.167 5.1 1013.63 1.7
2022-03-03 2.4 0 2.117 5.5 1009.68 -0.9
2022-03-04 2.3 0 0.017 7.8 1011.88 1.5
2022-03-05 2.5 0 5.95 2.3 1012.64 0.5
2022-03-06 2.4 0 0.183 8 1013.26 0.3
2022-03-07 3 0 10.783 2 1013.75 2.6
2022-03-08 2 0 10.867 0.4 1013.78 3.9
2022-03-09 1.9 0 11.1 0.3 1014.25 5.6
2022-03-10 5.3 0 10.667 0.6 1018.18 3.7
2022-03-11 6.6 0 11.167 1.1 1016.09 2.4
2022-03-12 5.9 0 11.183 0 1012.66 4
2022-03-13 5.8 0 11.4 0 1009.85 5.6
2022-03-14 4.6 1.3 7.7 3.8 1012.85 6.5
2022-03-15 2.8 0 4.067 6.8 1014.65 7.8
2022-03-16 3.3 0 10.267 5.5 1015.71 7.2
2022-03-17 4 0 0 7.9 1017.87 6.7
2022-03-18 2.9 0 10.117 4.5 1029.56 8.2
2022-03-19 5.2 0 9.683 1.2 1030.86 6.1
2022-03-20 6 0 11.283 0.2 1025.99 6.2
2022-03-21 4.8 0 11.5 1.5 1023.8 6.7
2022-03-22 3.9 0 11.883 0 1021.93 9
2022-03-23 2.8 0 11.65 0 1018.51 10.5
2022-03-24 2.4 0 11.75 0 1017.31 8.4
2022-03-25 2.8 0 10.817 0.4 1017.08 9.9
2022-03-26 4.2 0 4.85 5.3 1016.8 9
2022-03-27 2.5 0 11.8 2.2 1017.98 9.3
2022-03-28 4.3 0 11.9 0.6 1008.09 9.8
2022-03-29 4.4 0 6.4 6.8 998.46 7.5
2022-03-30 2.7 0 1.5 7.8 993.33 5
2022-03-31 6.8 0 5.633 7.9 991.82 3.6
2022-04-01 6.6 0 5.433 7.8 994.1 3.9
2022-04-02 5.2 0 1.967 7.9 1001.88 2.2
2022-04-03 4.3 0 3.533 7.3 1005.63 2.2
2022-04-04 7.9 8.7 1.667 7.6 994 3.5
2022-04-05 5.8 3.2 1.517 7.5 989.17 6.7
2022-04-06 6.4 0 0.133 7.9 987.43 10
2022-04-07 7.9 8.1 3.417 6.8 975.3 9.4
2022-04-08 6.9 1.4 2.083 7.6 981.82 6.3
2022-04-09 6.8 0.7 5.117 6.5 992.03 5
2022-04-10 6.3 0.2 4.25 5.2 1003.42 4.6
2022-04-11 3.9 0 10.45 4.3 1007.23 6.9
2022-04-12 4.9 0 12.45 7.5 1006.18 9.9
2022-04-13 4.6 0 8.433 7.9 1005.25 13.9
2022-04-14 3.1 2.9 2.983 7.9 1007.41 12
2022-04-15 4.8 0.6 0 7.8 1012.82 7.5
2022-04-16 3.5 0 10.9 4.8 1021.55 6.8
2022-04-17 2.5 0 13.25 4.2 1017.41 8
2022-04-18 2.6 0 13.05 6.7 1008.14 9.4
2022-04-19 3.9 0 10.117 4.4 1003.7 8.9
2022-04-20 3.3 0 2.583 7.7 1004.1 9.4
2022-04-21 2.4 0.1 0 7.8 1001.79 9
2022-04-22 4.5 0 2.2 6.2 998.7 9.7
2022-04-23 4.8 0 12.283 1.3 997.97 11.3
2022-04-24 4.6 1.4 6.933 5.1 993.27 11.3
2022-04-25 3.2 0 8.067 7.7 999.41 9.3
2022-04-26 2.9 0 11.2 3.9 1004.96 11.3
2022-04-27 2.9 0 11.3 2.6 1011.66 11.8
2022-04-28 2.7 0 10.733 3 1016.17 11.3
2022-04-29 2.3 0 10.45 7.5 1015.32 13.2
2022-04-30 2.5 0 7.383 6.8 1010.93 12.6
2022-05-01 2.8 0 3.1 7.1 1010.3 11.4
2022-05-02 2.4 0 13.15 2.2 1007.13 13.3
2022-05-03 2.5 0 10.15 7 1005.11 13
2022-05-04 1.9 0.9 3.15 7 1005.69 13.9
2022-05-05 2.9 0 8.717 6.3 1008.41 14
2022-05-06 2.1 0 10.667 3.4 1012.12 14.4
2022-05-07 3.4 0 11.217 5.8 1010.31 17
2022-05-08 3.1 0 11.85 3.2 1013.65 14.8
2022-05-09 3.1 0 14.583 0.8 1015.16 14.5
2022-05-10 3.9 0.2 10.3 6.7 1006.62 18.8
2022-05-11 4.7 4.3 6.167 7.2 998.81 20.8
2022-05-12 5.5 0 8.15 6.9 1002.93 15.5
2022-05-13 5.1 0 6.717 5.5 1005.29 14.2
2022-05-14 4.7 0 8.217 4.4 1007.46 15.4
2022-05-15 2.4 0 14.7 1.3 1009.63 14.9
2022-05-16 4.3 7.2 11.55 5.6 1006.41 18.7
2022-05-17 2.1 0.2 1.267 7.6 1008.53 16
2022-05-18 4.1 0 13.05 6.3 1012.68 17.9
2022-05-19 3.8 0 12.8 7.7 1008.27 21.1
2022-05-20 4 7.8 8.7 7.5 1004.76 20
2022-05-21 7.6 0 6.75 6.8 1004.25 15
2022-05-22 3.1 0 9.567 6.3 1004.3 14.1
2022-05-23 4.6 1.7 10.733 7.8 996.27 17.1
2022-05-24 4.6 0 5.8 6.8 993.62 17
2022-05-25 3.4 0 6.8 6.8 1002.28 15.3
2022-05-26 5.7 1.9 2.733 7.5 1004.7 16.7
2022-05-27 7.1 2.3 6.183 6.2 1002.56 14.1
2022-05-28 7.2 0 3.25 6.4 1001.52 10.9
2022-05-29 3.4 1.2 3.317 7.6 999.73 11.1
2022-05-30 3.3 0 2.667 7.7 1000.69 11.6
2022-05-31 1.9 1.6 8.633 7.6 1002.61 13.7
2022-06-01 3.7 0.3 8.383 6 1001.71 14.1
2022-06-02 3.5 0 10.267 3.3 1008.34 14
2022-06-03 2.6 0 14.35 3.3 1008.25 18.6
2022-06-04 3.1 0 6.583 6.1 1007.81 19.3
2022-06-05 3.8 3.8 13.8 4 1005.78 20.5
2022-06-06 3.3 4.5 6.55 5.7 1002.2 18.9
2022-06-07 3.2 0 8.067 5.9 1000.78 18.5
2022-06-08 2.6 0 4.633 7.4 996.92 19.9
2022-06-09 3.3 0 2.8 7.7 1000.1 18
2022-06-10 3.2 0 14.45 1.7 1009.59 19
2022-06-11 3.5 0 3.95 6.5 1009.53 21.5
2022-06-12 3.4 0 10.017 6.5 1007.58 20.9
2022-06-13 4.6 0 9.1 5.4 1006.62 16.1
2022-06-14 3.9 0 11.367 5.2 1010.04 15.2
2022-06-15 2.8 0 14.233 4.5 1007.45 18.9
2022-06-16 3.6 0 12.933 5.4 1007.17 19
2022-06-17 2.7 0 11.467 6.1 1011.25 20
2022-06-18 4.3 0 14.217 2.2 1003.77 26.3
2022-06-19 5.3 10.8 10.7 3.3 996.78 25.1
2022-06-20 3.5 5.5 3.233 6.3 1000.07 14.2
2022-06-21 4.3 0 11.667 2.1 1002.12 17.4
2022-06-22 2 0 15.8 1.2 1000.91 21.1
2022-06-23 3 0 15.917 0 1002.28 22.8
2022-06-24 4.4 0.2 10.7 4 997.47 24
2022-06-25 2 1.1 4.55 7.5 999.8 22
2022-06-26 2.5 0 10.7 4.9 1002.41 25.1
2022-06-27 4.3 2.1 11.383 4.8 1001.93 26.5
2022-06-28 3.6 0 10.767 5.5 1008.27 21.2
2022-06-29 3.9 0 6.067 7.7 1005.35 20.8
2022-06-30 2.9 0 10.417 NA 1000.85 23.7
2022-07-01 4.9 33 2.467 NA 1003.82 18.1
2022-07-02 2.8 0 15.617 0.4 1010.78 19.5
2022-07-03 3.3 0 12.233 2 1005.49 22.6
2022-07-04 3.6 0 13.6 1.9 1006.23 20.2
2022-07-05 3.2 0.2 12.55 3 1008.25 19.5
2022-07-06 4.2 6 4.533 6.9 1009.46 16.6
2022-07-07 4.2 3.9 0.667 7.8 1005.74 15.1
2022-07-08 5.3 0 4.233 6.3 1013.38 16.4
2022-07-09 4.6 2.4 2.95 7 1010.58 15.9
2022-07-10 5.4 0 2.9 7.5 1007.88 15.6
2022-07-11 3.6 0 12.833 2 1009.15 16.9
2022-07-12 3.4 0 14.683 2 1010.84 19.8
2022-07-13 3.8 0 3.567 7.3 1006.43 23.2
2022-07-14 4.2 0 12.733 4 1005.5 19
2022-07-15 5 0 4.083 5.9 1007.52 16.1
2022-07-16 5.9 0 8.35 4.5 1007.89 17.5
2022-07-17 3.2 0 12.467 5.9 1014.21 16.9
2022-07-18 2.3 0 10.6 6.4 1011.78 21.7
2022-07-19 3 0 14.467 3.5 1007.74 26.6
2022-07-20 3.8 0 13.85 3.5 1005.67 29.1
2022-07-21 3.9 1.5 5.317 6.2 1005.03 23.3
2022-07-22 3.7 5.7 6.083 6.8 1006.39 20
2022-07-23 2.9 0.4 8.15 4.8 1006.08 18.2
2022-07-24 2.4 0 15.4 3 1007.56 20.4
2022-07-25 4.6 1.2 10.483 5.3 998.71 25.1
2022-07-26 4.4 0 5.8 6.9 1001.41 19.6
2022-07-27 3.7 0 6.233 5.6 1006.01 16.5
2022-07-28 2.2 0 13.833 4.9 1007.94 17.2
2022-07-29 4.5 0 9.367 7.7 1005.55 21.6
2022-07-30 2.8 0 9.917 4.8 1004.72 21.8
2022-07-31 3.1 0 11.1 3.6 1003.33 22.2
2022-08-01 3.9 0.1 2.067 7.8 1003.17 20.7
2022-08-02 2.5 0 11.183 6.5 1006.28 21.6
2022-08-03 2.8 0 13.633 5.4 1004.14 26.9
2022-08-04 2.8 0 12.967 3.9 1001.6 29.1
2022-08-05 3.9 0.3 3.017 6.9 1003.08 21.8
2022-08-06 3.7 0 10.917 3.2 1013.27 17.3
2022-08-07 2.3 0 11.533 2.1 1013.08 18.4
2022-08-08 2.6 0 12.567 1.4 1012.6 20.8
2022-08-09 2.8 0 9.283 5.2 1015.1 21.4
2022-08-10 2.6 0 14.467 1.8 1014.75 21.4
2022-08-11 3.4 0 13.967 1 1011.56 23
2022-08-12 3.9 0 11.8 2.8 1009.59 23.2
2022-08-13 2.8 2.2 2.4 7.3 1006.26 22.8
2022-08-14 2.9 0 11.15 6.7 999.44 24.9
2022-08-15 3.1 0.5 8.733 3.3 993.75 23.2
2022-08-16 2.3 0 11.283 2 997.25 23.6
2022-08-17 2.1 0 10.35 5.9 999.55 26
2022-08-18 3.2 6 5.533 7.7 998.7 25.3
2022-08-19 3.7 0.3 0.6 7.8 999.24 20.3
2022-08-20 2.5 0.5 0 8 1002.72 19.8
2022-08-21 2.5 0 7.2 7 1004.16 19.5
2022-08-22 2.4 0 2.7 7.5 1005.39 19.5
2022-08-23 2.8 0 8.117 5.1 1006.88 20.6
2022-08-24 2.3 0 6.367 5.4 1009.08 20.7
2022-08-25 3.3 0 7.967 3.3 1006.97 22.3
2022-08-26 2.7 20.4 4.383 5.4 1001.76 20.9
2022-08-27 2.9 7 0.717 7.9 1000.91 19.7
2022-08-28 3.8 0 4.583 4.9 1004.85 17
2022-08-29 3.5 0 4.75 5.5 1008.17 16.6
2022-08-30 2.6 0 5.733 5.6 1010.13 17.3
2022-08-31 3.3 0 9.083 6.7 1011.4 16.9
2022-09-01 3.4 0 10.783 2.6 1011.08 16.4
2022-09-02 4 0 6.85 3 1008.85 15.6
2022-09-03 4.5 0 7.683 4.1 1006.54 16.2
2022-09-04 4.3 0 10.767 5.5 1009.76 17.8
2022-09-05 4.6 0 12.067 7.5 1012.2 18.7
2022-09-06 4.9 0 6.05 7.5 1007.99 18.1
2022-09-07 4 0 6.317 6.8 1002.27 19.1
2022-09-08 4.2 11.9 0.167 7.3 997.6 16
2022-09-09 3.3 0 6.567 4.8 999.52 16.8
2022-09-10 3.2 0 9.217 4.1 1000.37 16.2
2022-09-11 2.6 5.1 2.067 7 1004.35 15.2
2022-09-12 2.1 0.6 8.317 5 1004.8 15.4
2022-09-13 4.1 0.8 1.483 7.5 997.1 15.4
2022-09-14 2.8 0 2.533 8 993.69 14.4
2022-09-15 4.9 1.1 3.467 6.8 992.15 13.6
2022-09-16 6.5 7 7.767 4.2 992.5 12.9
2022-09-17 6.1 2.9 4.75 7.4 993.16 11.9
2022-09-18 5.6 6.3 5.883 7 994.97 10
2022-09-19 4.6 7.6 1.617 7.5 1000.37 10.3
2022-09-20 3.6 4 2.75 5.5 1008.07 9.6
2022-09-21 2.8 0 8.783 2.3 1013.45 10.7
2022-09-22 2.3 0 8.167 2 1012.28 10.4
2022-09-23 2.8 0 9.017 6.6 1006.47 11.2
2022-09-24 2.4 0.1 0.217 7.9 1001.62 12.3
2022-09-25 2.6 0 3 7.7 999.43 13.5
2022-09-26 3.9 0.7 4.833 7.5 991.72 12.6
2022-09-27 4.2 2.1 0.917 7.6 983.77 10.4
2022-09-28 2.8 0.4 2.483 7.6 985.38 8.3
2022-09-29 2.6 0 4.833 6.8 991.65 9.3
2022-09-30 3.4 0 8.617 1 998.86 10.2
2022-10-01 6 1.7 0.233 6.6 995.31 10.1
2022-10-02 5.7 3.4 6.067 3.8 1001.88 11.7
2022-10-03 5.6 0.1 1.717 7.4 1009.12 12.5
2022-10-04 3.9 0 5.117 7.7 1009.4 13.1
2022-10-05 4.9 0 6.8 5.5 1005.48 13.9
2022-10-06 5.4 0 9.033 2.5 1014.01 13.9
2022-10-07 3.9 0 10.717 4.6 1011.66 11.8
2022-10-08 5.1 2.4 4.067 4.8 1006.55 10.7
2022-10-09 3.2 0 10.417 3.3 1013.17 9.4
2022-10-10 5 0 8.933 5.7 1005.56 10.6
2022-10-11 3.4 0 8.633 3.9 1012.93 10.2
2022-10-12 3.3 0 10.083 0.5 1013.25 9.3
2022-10-13 4.3 0 3.817 7.1 1006.94 10.5
2022-10-14 4.2 0 1.983 7.3 1001.96 12.4
2022-10-15 4.7 0 2.55 7.3 997.1 14.6
2022-10-16 4.3 0 4.717 7.3 1004.79 15.5
2022-10-17 5.1 0.9 8.517 7.6 1010.56 17.4
2022-10-18 3.1 11.9 0.817 5.5 1013.55 13.8
2022-10-19 3.2 0 3.283 5.7 1015.17 9.9
2022-10-20 5 2.2 9.25 6.7 1009.26 8
2022-10-21 3.7 1.8 1.2 7.8 999.69 11.7
2022-10-22 3.9 0 4.3 6.3 1001.57 14
2022-10-23 4.1 3.3 4.467 7.9 1002.85 13.6
2022-10-24 5.6 0.1 1.283 7.5 998.47 14.7
2022-10-25 4.7 0.9 2.25 6 1003.34 12.9
2022-10-26 4.2 0 8.483 5.2 1007.2 12
2022-10-27 4.7 0 8.483 8 1012.54 14.2
2022-10-28 5.4 0 6.567 7.1 1008.37 16.3
2022-10-29 4.2 0 5.183 8 1008.84 16.2
2022-10-30 4 0 7.133 4.5 1006.39 15.9
2022-10-31 3.2 0 5.6 5.7 1008 12.7
2022-11-01 4.8 0.3 1.5 6.8 1004.28 12.6
2022-11-02 5.9 0 4.167 4 1007.88 9.5
2022-11-03 5.4 0.1 3.867 7.7 1002.44 8.1
2022-11-04 3.9 3.4 0 7.9 994.36 8.8
2022-11-05 4.2 0 6.933 4.7 1003.95 7.6
2022-11-06 5.7 0.1 8.583 3.5 1003.53 6.6
2022-11-07 5.6 0 4.667 6.9 1000.73 10.2
2022-11-08 5.9 0.1 7.2 7.7 1000.4 11.4
2022-11-09 5.5 1 2.85 7.8 999.29 11.6
2022-11-10 5.1 0 5.95 6.1 1010.53 10.7
2022-11-11 4.7 0 1.133 7.8 1017.91 8.9
2022-11-12 3.2 0 6.567 7 1020.63 7.5
2022-11-13 4.4 0 2.9 6 1015.65 7.5
2022-11-14 4.9 0 6.933 2.9 1006.93 6.2
2022-11-15 4.6 0 7.883 2.3 999.82 7.2
2022-11-16 5.1 0.2 0 7.9 994.44 5.3
2022-11-17 7.1 1.3 0 8 990.56 3.6
2022-11-18 4.9 1.2 0 5.5 995.56 -1.5
2022-11-19 3.5 0.1 3.683 6.5 1001.12 -2.3
2022-11-20 3.8 0.2 0.5 6.6 997.25 -1.2
