Monat Bedeckungsgrad Lufttemperatur Windstaerke Sonnenscheindauer Niederschlagshoehe
1900-08-15 5.66 1.53 2.9 121.4 NA
1900-09-15 4.13 1.81 3.01 175 NA
1900-10-15 4.46 -3.23 3.71 150.1 NA
1900-11-15 4.75 -5.37 2.92 88 NA
1900-12-15 4.05 -6.71 3.12 111.2 NA
1901-01-15 3.17 -10.93 3.79 152 56.9
1901-02-15 3.83 -15.73 3.23 126 67.3
1901-03-15 5.64 -10.56 4.48 101.6 170.8
1901-04-15 4.73 -6.84 3.96 130.7 157.5
1901-05-15 4.81 -4.07 2.29 140 104.3
1901-06-15 5.86 0.31 3.07 112.3 198.8
1901-07-15 6.08 1.68 2.74 90.4 127.7
1901-08-15 5.44 1.67 2.79 149.2 220.7
1901-09-15 5.24 1.15 3.04 108 105.9
1901-10-15 4.09 -3.15 4.05 149.2 109
1901-11-15 3.16 -8.6 4.62 148.9 79.3
1901-12-15 5.03 -10.29 5.83 61.4 89.9
1902-01-15 4.37 -10.43 5.29 118.4 64.7
1902-02-15 5.03 -9.96 5.53 56.2 22.9
1902-03-15 4.57 -10.9 6.07 137.5 99.1
1902-04-15 5.44 -4.72 3.3 103.4 45.2
1902-05-15 6.84 -7.98 5.73 57 257.3
1902-06-15 5.71 -1.3 4.32 120.9 194.9
1902-07-15 5.58 1.74 4.43 137.6 77.4
1902-08-15 5.8 1.26 4.71 99.8 113.8
1902-09-15 3.49 0.12 2.97 210.1 87.2
1902-10-15 4.94 -4.33 3.64 125.4 166.9
1902-11-15 2.41 -5.44 2.53 157.8 18.1
1902-12-15 4.27 -10.42 4.41 103.9 114.9
1903-01-15 2.82 -9.79 3.58 179.3 41.2
1903-02-15 3.9 -9.25 5.13 132.8 49.9
1903-03-15 3.51 -9.27 4.16 185.1 69.6
1903-04-15 6.47 -11.31 5.38 64.1 166.9
1903-05-15 4.94 -3.64 4.23 111.5 132.1
1903-06-15 5.89 -0.81 3.21 97 182.1
1903-07-15 5.97 0.66 4.32 82.1 281.5
1903-08-15 4.81 1.91 4.28 151.3 191.5
1903-09-15 3.62 1.02 2.78 174.7 69.4
1903-10-15 5.12 -2.87 5.65 106.1 118
1903-11-15 4.57 -7.3 5.04 108.7 86.5
1903-12-15 3.66 -8.01 3.57 118.1 22.3
1904-01-15 3.79 -8.97 3.59 113.8 44.7
1904-02-15 5.23 -10.98 4.76 72.2 181.7
1904-03-15 4.97 -8.68 4.11 111.1 88.5
1904-04-15 6.36 -5.41 4.42 110.2 116.1
1904-05-15 5.67 -1.93 3.31 153.1 143
1904-06-15 5.95 1.23 3.03 123.1 126.1
1904-07-15 5.55 3.74 2.84 159.2 142.7
1904-08-15 6.04 2.31 3.16 152.4 166
1904-09-15 5.78 -2.29 2.75 96.1 156.7
1904-10-15 5.01 -3.55 3.22 121.4 73.9
1904-11-15 4.8 -9.09 2.97 105.2 47.8
1904-12-15 3.97 -8.61 3.17 100.2 47.6
1905-01-15 4.9 -14.01 3.92 102.2 45.1
1905-02-15 5.03 -12.96 3.53 96.6 56.3
1905-03-15 6.05 -9.41 3.39 94.9 64.4
1905-04-15 5.89 -8.24 3.33 106.2 54.3
1905-05-15 5.46 -3.14 2.43 145.4 87.6
1905-06-15 6.12 0.82 2.1 130.5 103.6
1905-07-15 5.38 4.25 2.53 154.9 121.9
1905-08-15 5.66 2.35 2.71 152.3 206.6
1905-09-15 5.84 0.99 2.66 130.8 97.6
1905-10-15 6.25 -9.74 2.6 75.9 131.4
1905-11-15 5.95 -8.9 3.8 60.8 104.3
1905-12-15 4.01 -8.28 4.13 114.2 41.1
1906-01-15 5.45 -11.51 4.65 81.7 38
1906-02-15 5.94 -12.01 3.76 78.3 84.5
1906-03-15 5.5 -10.35 4.53 120 77.2
1906-04-15 5.29 -6.92 3.29 134.6 108.7
1906-05-15 6.28 -2.29 3.31 96.3 91.3
1906-06-15 6.64 -0.93 2.92 87.1 134.1
1906-07-15 5.68 2.71 2.78 123.7 246.2
1906-08-15 5.25 2.45 2.75 175.8 176.7
1906-09-15 5.27 -1.8 4.02 125.5 169.7
1906-10-15 4.21 -1.01 3.61 203.6 40.3
1906-11-15 4.79 -5.57 5.02 131.2 68.4
1906-12-15 5.85 -15.1 4.9 55.7 220.7
1907-01-15 5.45 -12.97 5.46 84.7 140.4
1907-02-15 4.98 -13.76 4.66 119.9 32.4
1907-03-15 5.18 -12.94 5.32 147.6 150
1907-04-15 6.29 -9.27 3.69 98 146.6
1907-05-15 5.44 -1.53 3.91 206.7 116.9
1907-06-15 6.46 0.34 3.48 135.6 155.9
1907-07-15 6.61 -0.19 3.82 96.1 163.6
1907-08-15 5.52 2.34 3.82 172.4 116.9
1907-09-15 3.26 1.43 1.74 200.7 72.1
1907-10-15 4.31 -1.24 2.42 111.9 24.7
1907-11-15 3.74 -5.89 2.45 120.9 92.6
1907-12-15 5.82 -9.06 4.87 43.8 112.3
1908-01-15 3.28 -9.18 3.7 167.1 25.8
1908-02-15 6.5 -13.29 5.62 56.8 112
1908-03-15 5.68 -12.23 4.12 120.7 57.7
1908-04-15 6.79 -9.87 3.92 78.3 166.8
1908-05-15 6.08 -0.59 4.86 148.1 122.8
1908-06-15 5.72 2 2.95 191.4 106.9
1908-07-15 5.97 1.56 3.28 156.5 171.3
1908-08-15 6.14 0.45 3.64 121.5 196.7
1908-09-15 5.31 -1.16 2.76 156.1 128.9
1908-10-15 2.74 -1.36 2.64 246.7 18.2
1908-11-15 4.48 -7.74 3.53 125.7 40
1908-12-15 4.22 -9.85 3.08 139.9 31.7
1909-01-15 3.79 -11.85 3.74 162.3 33.2
1909-02-15 5.38 -16.37 4.15 98 41.7
1909-03-15 5.92 -12.07 3.45 122.4 85.4
1909-04-15 5.42 -6.2 3.51 175.5 65.2
1909-05-15 5.89 -3.64 2.14 162.3 113.7
1909-06-15 6.75 -1.06 2.29 98.4 139.9
1909-07-15 6.14 0.19 2.95 146.2 149.8
1909-08-15 5.57 2.02 2.28 186.2 204.1
1909-09-15 4.92 -1.18 2.19 148.1 90.8
1909-10-15 4.55 -2.58 3.03 172.5 123.7
1909-11-15 4.32 -10.05 3.64 142.1 74.3
1909-12-15 5.62 -9.53 3.97 90.6 128.8
1910-01-15 5.88 -12.46 4.16 75 244.7
1910-02-15 6.03 -11.31 3.5 97.9 167.8
1910-03-15 5.21 -9.74 2.62 169.6 69.9
1910-04-15 6.27 -8.3 2.62 120.4 164.1
1910-05-15 6.2 -3.06 2.2 141.4 143.9
1910-06-15 6.5 0.1 3.04 146 326.4
1910-07-15 6.55 -0.28 2.92 130.4 345.8
1910-08-15 6.51 0.77 2.69 130.7 336.4
1910-09-15 5.26 -1.85 2.87 137.6 188.6
1910-10-15 3.67 -2 3.44 147.5 53.7
1910-11-15 6.23 -10.98 5.45 49.8 111.1
1910-12-15 5.04 -8.69 4.45 90.3 85.9
1911-01-15 2.51 -11.5 3.1 179.8 20
1911-02-15 5.03 -12.92 4.88 118.4 58.4
1911-03-15 5.2 -10.44 3.39 126 77.9
1911-04-15 4.34 -8.18 2.68 194.8 72.1
1911-05-15 6.5 -2.82 3.7 131.7 204.9
1911-06-15 6.28 -0.63 3.74 141 173.9
1911-07-15 4.51 3.76 2.99 228.8 68.5
1911-08-15 4.43 3.55 3.23 199.7 46.7
1911-09-15 4.62 1.28 3.43 153.7 75.6
1911-10-15 4.15 -2.1 4.25 192.4 52.5
1911-11-15 4.53 -5.74 4.14 126.1 31.4
1911-12-15 5.15 -8.95 4.55 79.7 29.8
1912-01-15 5.38 -9.83 3.71 75.5 60.5
1912-02-15 5.41 -8.88 4.32 84.9 62.8
1912-03-15 5.44 -8.7 4.02 107.7 91
1912-04-15 6.18 -8.14 3.56 104.3 87.8
1912-05-15 5.9 -2.67 3.53 129.6 178.2
1912-06-15 5.58 0.28 3.08 145.6 173.4
1912-07-15 5.03 1.82 2.42 175.7 140.2
1912-08-15 6.25 -0.85 3.3 103.7 238.3
1912-09-15 6.3 -5.73 2.62 72.4 186.5
1912-10-15 5.12 -4.58 3.78 124.7 112.2
1912-11-15 5.18 -11.06 4.67 67.1 80.3
1912-12-15 4.43 -7.19 4.29 116.2 74.1
1913-01-15 5.01 -10.25 4.44 90.9 75.8
1913-02-15 3.38 -11.46 3.72 169 27.3
1913-03-15 5.07 -7.15 4.75 154.1 48.9
1913-04-15 6.35 -7.67 3.63 124.9 76.3
1913-05-15 5.88 -3.2 3.58 162.1 113.3
1913-06-15 6.2 -0.4 4.07 134.4 200.8
1913-07-15 7.04 -1.46 3.68 75 232.1
1913-08-15 5.79 0.18 3.93 166.4 188.4
1913-09-15 5.04 -0.67 3.73 161.1 107.6
1913-10-15 4.24 -0.56 5.24 167.4 59.3
1913-11-15 5.77 -5.62 5.62 71.7 112.3
1913-12-15 5.59 -11.46 5.76 88.8 82.4
1914-01-15 3.82 -11.72 4.24 147.2 34
1914-02-15 3.77 -6.07 3.98 149.4 14.9
1914-03-15 5.98 -10.13 5.7 96.6 73
1914-04-15 4.38 -4.98 4.03 203.5 64.6
1914-05-15 6.52 -3.81 4.04 127.9 122.6
1914-06-15 6.43 -1.34 3.67 98.2 168.4
1914-07-15 6.2 0.59 3.77 129.3 244.3
1914-08-15 4.24 2.82 2.61 223.7 137.4
1914-09-15 4.94 -1.74 4.49 164.7 118.9
1914-10-15 5.03 -4.51 4.65 131.5 63
1914-11-15 4.72 -7.89 4.44 125.9 91.4
1914-12-15 4.89 -8.89 5.72 96.4 53.3
1915-01-15 6.23 -14.21 5.93 63.8 49.6
1915-02-15 5.15 -12.16 4.76 109.8 88.4
1915-03-15 5.83 -11.2 5.07 118.5 67.2
1915-04-15 5.43 -7.07 3.24 169.5 96
1915-05-15 5.68 -0.04 3.27 157.2 89.6
1915-06-15 5.89 2.04 2.75 158.2 165.9
1915-07-15 6.13 1.11 3.35 165.5 265.5
1915-08-15 6.48 -0.12 3.39 134.2 199.1
1915-09-15 4.58 -1.93 3.9 193.5 102.3
1915-10-15 5.25 -6.09 2.44 169.6 78.6
1915-11-15 5.53 -10.16 5.09 99.6 67.8
1915-12-15 6.56 -6.57 6.04 51.9 76.8
1916-01-15 5.24 -9.02 5.62 115.3 68.3
1916-02-15 5.81 -11.18 5.82 113.8 51.9
1916-03-15 6.22 -7.22 4.58 112.6 50
1916-04-15 5.42 -5.49 4.26 175.3 75.4
1916-05-15 6.03 -1.65 3.58 175.7 102.7
1916-06-15 6.79 -1.23 4.29 122.5 183.1
1916-07-15 6.43 1.03 4.45 148.7 237.3
1916-08-15 5.74 1.04 4.14 171.8 156.6
1916-09-15 5.55 -1.75 3.67 142.7 288
1916-10-15 5.24 -3.73 4.82 162.5 108.1
1916-11-15 5.24 -6.19 4.75 130.2 112.7
1916-12-15 6.1 -9.11 6.52 81.6 42
1917-01-15 5.42 -12.61 4.62 98.8 51.6
1917-02-15 3.64 -11.54 3.68 179.9 18.7
1917-03-15 6.33 -11.68 5.05 148.1 63.1
1917-04-15 6.74 -10.68 4.98 123.5 105.6
1917-05-15 5.67 0.4 3.04 213.4 56.5
1917-06-15 5.83 2.41 2.77 193.3 134.9
1917-07-15 5.83 2.09 3.31 162.3 210.8
1917-08-15 5.94 2.01 3.93 159.2 185.2
1917-09-15 4.08 2.13 3.84 232 91.7
1917-10-15 5.67 -5.79 5.51 141.6 130
1917-11-15 4.69 -8.05 4.29 144.4 65.8
1917-12-15 4.71 -12.64 4.68 132.4 24.1
1918-01-15 4.42 -9.15 5.55 151.1 17
1918-02-15 4.04 -9.97 3.85 161.8 48.6
1918-03-15 5.43 -9.51 3.4 157.4 46.3
1918-04-15 6.31 -5.06 3.33 130.9 42.6
1918-05-15 5.99 -2.18 2.97 158.4 115.3
1918-06-15 6.88 -2.8 4.18 98.1 286.8
1918-07-15 6.09 1.31 4.09 157.4 188.7
1918-08-15 6.17 0.84 3.95 143.5 188
1918-09-15 5.53 1.05 5.27 165.1 100.7
1918-10-15 5.36 -5.2 3.42 127.9 116.2
1918-11-15 4.05 -7.8 3.48 155.4 41.8
1918-12-15 6.26 -8.48 5.02 68.5 157.1
1919-01-15 4.95 -10.58 3.76 138.2 80.4
1919-02-15 5.24 -11.95 4.18 106.6 52.2
1919-03-15 6.22 -10.55 4.55 120.6 67.7
1919-04-15 6.63 -9.64 3.8 117.4 138.6
1919-05-15 5.91 -5.44 2.61 165.4 97.6
1919-06-15 6.31 -0.38 3.59 128.5 132
1919-07-15 7.12 -1.15 3.38 110 207.8
1919-08-15 6.21 2.37 3.23 182.3 107.6
1919-09-15 4.53 1.92 2.84 212.1 46.6
1919-10-15 5.46 -7.74 3.3 148.1 97.5
1919-11-15 6.12 -10.34 5.32 94.5 85.3
1919-12-15 5.87 -10.57 4.91 71.3 85.5
1920-01-15 6 -9.09 5.17 91.4 65.2
1920-02-15 3.61 -7.6 4.24 192.8 15.7
1920-03-15 4.86 -6.46 4.33 183.5 56.2
1920-04-15 6.14 -5.13 4.64 118.7 118
1920-05-15 6.4 0.36 4.14 167.1 106
1920-06-15 6.9 -0.54 3.59 92.3 180.1
1920-07-15 5.84 2.84 3.53 185.4 228.1
1920-08-15 6.67 0.61 2.8 132 154.4
1920-09-15 6.16 -0.19 3.86 118.7 190.1
1920-10-15 3.56 -1.18 2.1 238.8 15.8
1920-11-15 3.51 -4.1 3.19 179 4.9
1920-12-15 5.45 -8.45 3.47 103.4 45.4
1921-01-15 5.67 -8.86 4.36 87.8 108
1921-02-15 3.5 -10.51 2.29 181.7 22.9
1921-03-15 3.86 -7.66 2.65 216.1 48.8
1921-04-15 6.14 -7.89 1.83 107.2 188.1
1921-05-15 5.86 -0.23 1.79 176 107.7
1921-06-15 6.5 -0.75 2.36 100.9 209.1
1921-07-15 5.59 3.89 1.97 187.1 74.4
1921-08-15 5.34 2.95 2.62 182.6 95
1921-09-15 4.44 1.87 2.37 210.2 76.8
1921-10-15 3.79 -0.27 2.41 219.7 67.6
1921-11-15 3.23 -7.99 3.02 185.7 56.3
1921-12-15 4.83 -9.74 3.97 108.8 64.9
1922-01-15 5.46 -12.31 3.69 101.3 49.8
1922-02-15 4.3 -10.3 3.84 134.4 32.2
1922-03-15 5.44 -8.44 3.99 128.6 49.2
1922-04-15 6.77 -8.23 3.9 112.8 88.1
1922-05-15 5.08 -1.45 3.33 203.4 86.9
1922-06-15 6.75 0.54 2.63 95.4 239.4
1922-07-15 5.4 1.19 3.8 207.4 155
1922-08-15 4.86 2.64 3.85 233.9 120.8
1922-09-15 6.48 -2.13 3.87 100.3 269.7
1922-10-15 5.67 -4.53 4.39 99 99
1922-11-15 5.01 -10.42 5.29 133.2 68.1
1922-12-15 5.82 -10.54 4.8 78.7 46.2
1923-01-15 5.95 -12.6 3.22 73.4 101.8
1923-02-15 6.29 -10.7 3.88 88.9 59.7
1923-03-15 4.64 -8.57 2.68 175.2 50.5
1923-04-15 5.77 -6.77 3.68 143.4 90.8
1923-05-15 5.4 -2.38 3.72 224.5 58.8
1923-06-15 7.18 -3.54 3.19 92.1 202.1
1923-07-15 5.3 3.64 3.15 224.9 176.3
1923-08-15 4.68 3.01 3.61 240.4 105.8
1923-09-15 5.63 -0.93 3.23 136.3 73.8
1923-10-15 5.26 -1.84 5.18 137.4 119.4
1923-11-15 5.89 -7.32 4.73 118.2 59.2
1923-12-15 6.02 -12.69 4.95 72.9 82.4
1924-01-15 4.81 -12.01 3.96 134.7 34.3
1924-02-15 5.04 -13.89 3.28 144.9 37.2
1924-03-15 4.54 -10.06 3.32 187.7 23
1924-04-15 6.58 -7.4 4.33 115.4 91.7
1924-05-15 5.89 -1.04 3.65 181 87
1924-06-15 6.42 0.22 3.51 137.6 205.4
1924-07-15 6.2 2.05 4.01 144.7 187.3
1924-08-15 6.42 -0.49 3.11 138.9 208.8
1924-09-15 5.2 0.34 2.83 169.8 113.2
1924-10-15 4.05 -2.46 2.4 185.7 59.8
1924-11-15 3.21 -5.35 2.56 181 34.9
1924-12-15 3.1 -6.57 2.55 158.7 69.5
1925-01-15 3.52 -7.93 2.62 140.7 45.7
1925-02-15 5.15 -11.06 3.33 112 90.5
1925-03-15 5.93 -13.18 3.02 117.9 98
1925-04-15 6.4 -6.7 2.96 101.6 114.9
1925-05-15 5.77 -1.99 2.71 163.8 102.4
1925-06-15 5.93 -0.28 3.14 165.1 154.9
1925-07-15 6.39 1.97 2.65 133 145.5
1925-08-15 5.72 1.54 3.72 142.2 247.1
1925-09-15 5.52 -2.91 3.56 117.3 176.4
1925-10-15 3.17 -2.52 3.53 217.5 97.5
1925-11-15 4.69 -7.68 3.22 116.4 67.1
1925-12-15 5.81 -12.25 4.87 58 72.2
1926-01-15 5.65 -12.18 3.75 69.9 61.9
1926-02-15 5.47 -7.59 3.67 98.2 57.9
1926-03-15 5.85 -9.5 4.03 102.2 69
1926-04-15 4.6 -5.55 2.99 179.1 97.1
1926-05-15 6.49 -4.16 3.41 103.1 204.2
1926-06-15 6.96 -2.31 3.27 80.4 350.6
1926-07-15 6.85 1.35 3.38 95.1 364
1926-08-15 4.92 1.91 2.56 198.2 100.3
1926-09-15 5.05 1.46 2.47 167.2 88.6
1926-10-15 5.34 -3.12 4.85 152.8 77.5
1926-11-15 4.82 -4.57 5.18 128.5 34
1926-12-15 5.48 -11.17 4.48 81.8 91.3
1927-01-15 5.59 -10.64 3.95 81.4 65.7
1927-02-15 4.26 -11.35 3.94 143.2 51
1927-03-15 4.92 -8.57 3.57 147.5 65
1927-04-15 6.95 -6.79 4.3 106.1 144.9
1927-05-15 6.02 -2.37 3.31 180.2 147.9
1927-06-15 5.92 0.85 3.51 193.7 156
1927-07-15 5.93 2.34 3.05 137.2 189.7
1927-08-15 5.14 2.31 3.33 189 157.9
1927-09-15 5.76 0.06 3.9 130.1 227.1
1927-10-15 2.97 -2.37 3.62 218.1 39.3
1927-11-15 4.62 -5.73 3.96 114.4 71.1
1927-12-15 4.42 -9.75 3.66 118.8 41.3
1928-01-15 4.65 -10.41 4.25 112.5 74.3
1928-02-15 4.52 -10.79 5.33 141.8 94.6
1928-03-15 4.58 -8.47 3.43 153.7 51.6
1928-04-15 5.5 -5.66 4.35 167.5 132.2
1928-05-15 6.21 -5.07 3.27 133.8 172.1
1928-06-15 5.52 0.22 4.1 180.3 167
1928-07-15 4.71 5.02 2.8 243.3 83.1
1928-08-15 5.87 3.4 4.13 181.7 197.9
1928-09-15 5.17 0.06 2.78 156.7 119.9
1928-10-15 4.89 -3.6 4.18 168.3 67.3
1928-11-15 5.61 -7.55 4.5 83.8 85.3
1928-12-15 4.72 -11.09 3.73 120 64.4
1929-01-15 4 -14.37 3.72 142.9 49.7
1929-02-15 3.1 -14.97 3.7 186.8 37.4
1929-03-15 3.45 -9.11 3.43 229.2 25.9
1929-04-15 6 -9.87 4.3 144.5 97.2
1929-05-15 5.54 -1.88 2.94 180.1 131.1
1929-06-15 5.99 0.59 3.6 158.5 220.5
1929-07-15 5.02 2.88 3.08 222.9 130.6
1929-08-15 5.11 3.37 2.24 200.2 205
1929-09-15 4.22 2.07 3.4 194.5 55.6
1929-10-15 5.57 -3.28 4.96 158 179.1
1929-11-15 5.28 -6.37 4.59 131.8 142
1929-12-15 5.71 -9.6 5.77 90.2 313.2
1930-01-15 3.75 -7.15 4.88 199.2 90.8
1930-02-15 3.59 -11.32 3.95 208.3 24.7
1930-03-15 5.6 -8.37 4.31 153.1 161
1930-04-15 6.54 -6.12 4.1 137.4 202.3
1930-05-15 6.71 -3.63 4.11 155 347.5
1930-06-15 6.06 3.32 2.89 235.2 111.6
1930-07-15 6.78 1.23 3.97 175.6 233.8
1930-08-15 5.15 2.13 4.09 217 329.8
1930-09-15 5.68 -0.16 3.75 120.3 140.5
1930-10-15 5.25 -3.71 4.41 129.1 162.4
1930-11-15 5.18 -6.69 5.62 121.5 88.5
1930-12-15 3.93 -9.74 3.98 154.5 69.9
1931-01-15 4.77 -12.61 4.88 123.6 68.7
1931-02-15 5.27 -13.66 4.06 119.2 90.4
1931-03-15 4.29 -10.72 4.3 213.8 62.9
1931-04-15 5.89 -8.11 3.77 158 122.3
1931-05-15 5.58 -0.62 3.5 227.9 61.7
1931-06-15 5.68 2.66 3.54 219.6 179.4
1931-07-15 5.93 1.85 3.63 220.6 254.2
1931-08-15 6.47 0.82 3.92 150.9 269.8
1931-09-15 6.26 -4.94 3.93 138.5 213.3
1931-10-15 4.36 -4.32 4.63 219.5 61.9
1931-11-15 4.93 -5.03 4.24 132.2 49.5
1931-12-15 4.47 -11.08 4.58 137.9 76.8
1932-01-15 3.34 -6.95 4.44 182.1 50
1932-02-15 3.09 -14.59 3.8 213.6 33.6
1932-03-15 4.77 -11.62 3.88 172.2 63.6
1932-04-15 5.97 -8.63 4.15 171.9 137.2
1932-05-15 6.21 -2.83 3.95 176.6 146.9
1932-06-15 6.04 -0.59 3.24 190.6 122.5
1932-07-15 6.51 2.7 3.12 174.5 304.4
1932-08-15 5.08 4.67 3.39 253.4 134
1932-09-15 5.18 3.45 4.05 198.6 89.4
1932-10-15 6.32 -4.59 4.74 122.3 259.2
1932-11-15 4.56 -5.55 4.2 172.6 103.3
1932-12-15 4.42 -6.52 3.61 191.8 11
1933-01-15 4.79 -12.54 3.53 152.4 115.5
1933-02-15 5.71 -13.19 3.79 136.1 176.4
1933-03-15 4.67 -8.41 3.74 233.9 104
1933-04-15 6.68 -7.73 3.91 133 238
1933-05-15 7.03 -4.72 3.69 93.6 459.2
1933-06-15 6.83 -2.18 3.54 124.6 320.4
1933-07-15 6.15 2.75 3.19 198.5 249.8
1933-08-15 5.37 2.58 3.57 235.8 183.3
1933-09-15 5.24 0.28 3.97 179.2 104.9
1933-10-15 4.79 -3.79 3.84 195.5 194.6
1933-11-15 5.69 -8.9 4.22 96.7 140.1
1933-12-15 4.12 -11.62 3.77 147.5 61
1934-01-15 4.9 -11.15 3.96 129 195.4
1934-02-15 3.3 -10.53 4.45 203.4 34.6
1934-03-15 5.59 -9.15 4.25 158.7 108.8
1934-04-15 4.98 -4.46 3.63 221.6 45.2
1934-05-15 5.95 -1.08 3.36 186.3 72.3
1934-06-15 6.24 -0.28 2.78 158.1 236.7
1934-07-15 5.35 2.66 3.37 224.7 223.2
1934-08-15 6.34 1.45 3.08 140.9 336.7
1934-09-15 4.55 1.5 2.81 206.4 189.9
1934-10-15 4.63 -3.67 3.6 198.6 189.6
1934-11-15 3.92 -6.88 3.71 176.5 39.7
1934-12-15 5.99 -7.2 3.41 85 186.5
1935-01-15 5.25 -14.66 3.35 126.1 193.3
1935-02-15 6 -12.04 5.51 105.6 324.1
1935-03-15 4.71 -11.44 3.83 196 184.5
1935-04-15 6.86 -8.53 4.92 109.1 358.7
1935-05-15 5.42 -4.21 3.57 214.5 113.5
1935-06-15 4.88 2.81 3.83 276.5 150.8
1935-07-15 5.27 2.59 2.83 239.2 165.1
1935-08-15 5.7 1.81 2.55 186.6 128.5
1935-09-15 4.67 0.61 4.05 204.1 166.7
1935-10-15 6.01 -3.1 4.61 131 193.9
1935-11-15 5.08 -6.75 4.3 143.1 85.5
1935-12-15 5.23 -11.84 4.73 111.2 123.7
1936-01-15 6.29 -9.1 5.25 67.5 276.8
1936-02-15 5.27 -12 3.85 147.3 159.1
1936-03-15 4.76 -8.06 3.48 211.5 51.6
1936-04-15 6.32 -6.87 3.97 142.8 207.2
1936-05-15 5.85 -1.91 2.43 160.2 146.7
1936-06-15 6.64 -0.01 3.19 117.5 355.5
1936-07-15 6.24 2.47 3.59 165.3 298.3
1936-08-15 4.74 1.87 3.25 221.9 154.4
1936-09-15 5.9 -0.4 3.81 135.6 257.6
1936-10-15 5.23 -8.09 4.2 155.3 284.3
1936-11-15 4.25 -6.63 4.1 153.7 99.8
1936-12-15 3.86 -8.58 4.35 159.7 128.7
1937-01-15 4.75 -9.65 4.62 134.8 228.5
1937-02-15 6.74 -11.31 5.27 66.2 372.7
1937-03-15 5.95 -10.37 5.36 140.9 168.7
1937-04-15 6.85 -7.51 3.88 90.3 317.8
1937-05-15 5.6 -0.52 3.36 212.5 103.2
1937-06-15 5.75 1.62 3.37 197.6 173.5
1937-07-15 6.31 2.42 3.62 167.5 134.6
1937-08-15 6.58 1.56 3.03 121.6 407.5
1937-09-15 5.72 -0.62 3.83 157.8 228.1
1937-10-15 5.22 -2.25 4.26 179.2 144.3
1937-11-15 5.57 -8.54 3.84 128.6 157.4
1937-12-15 5.86 -12.83 3.81 115.4 170.3
1938-01-15 6.59 -12.55 4.45 80.6 363.3
1938-02-15 3.47 -10.83 3.88 192.1 134.6
1938-03-15 3.94 -7.55 4.01 217.1 125.2
1938-04-15 6.04 -11.69 3.82 119.8 184.4
1938-05-15 5.75 -3.83 3.92 186.3 199
1938-06-15 5.34 2.23 3.87 230.3 110.8
1938-07-15 6.24 2.3 3.31 177.2 166.6
1938-08-15 6.5 2.03 3.11 142.6 316.4
1938-09-15 5.21 0.53 3.38 182.7 93.9
1938-10-15 4.39 -2.31 4.05 207.3 82.6
1938-11-15 4.14 -3.82 4.32 175.6 83.9
1938-12-15 5.96 -10.74 4.62 105.6 110.6
1939-01-15 5.75 -9.79 5.81 111.1 134.5
1939-02-15 4.19 -8.44 4.46 183.4 88
1939-03-15 6.73 -14.08 4.6 106.9 348.4
1939-04-15 5.41 -4.42 4.66 205.3 79.7
1939-05-15 7.19 -4.6 3.5 95.2 300.2
1939-06-15 5.87 1.34 3.45 202.9 153.4
1939-07-15 5.87 2.08 4.35 204.9 171.4
1939-08-15 6.08 2.64 3.16 154.4 64.7
1939-09-15 5.16 -0.67 3.1 153 181.3
1939-10-15 6.37 -5.39 4.22 72.5 219.5
1939-11-15 5.33 -5.28 4.43 122.8 284.5
1939-12-15 4.63 -12 3.24 150.6 137.7
1940-01-15 4.54 -12.98 3.45 130.9 108.2
1940-02-15 6.07 -11.14 4.49 93.5 81.1
1940-03-15 6.24 -11.1 4.52 117.2 168.2
1940-04-15 5.83 -7.04 2.81 158.5 124.9
1940-05-15 6.71 -3.65 1.66 107.6 257.7
1940-06-15 6.69 -0.2 1.6 113.1 78.1
1940-07-15 6.64 0.84 2.85 136.1 148.1
1940-08-15 6.05 0.35 2.51 167.9 90.9
1940-09-15 5.39 -0.21 3.45 155.7 113.8
1940-10-15 5.21 -2.47 3.23 163.4 40.5
1940-11-15 5.27 -7.28 4.54 102.3 89.9
1940-12-15 4.17 -14.48 4.51 133.9 148.9
1941-01-15 5.37 -11.96 4.15 92.1 44.5
1941-02-15 5.61 -11.61 4.91 111.5 67.8
1941-03-15 4.43 -9.24 4.51 184.8 62.8
1941-04-15 6.15 -8.09 3.37 118.6 64.1
1941-05-15 6.21 -5.67 2.95 154.6 129.7
1941-06-15 5.89 0.59 2.41 164.3 89.5
1941-07-15 6.43 2.79 2.64 165.2 144.6
1941-08-15 6.31 0.85 3.46 147.1 196.8
1941-09-15 4.25 -0.52 2.53 217.1 64.3
1941-10-15 6.06 -5.71 3.42 113.9 198.6
1941-11-15 4.81 -7.33 3.16 149.8 101.9
1941-12-15 5.3 -11.74 4.16 108.7 145.7
1942-01-15 6.02 -16.58 3.57 86.4 99.5
1942-02-15 5.19 -13.48 2.96 135.6 63.3
1942-03-15 5.6 -6.47 3.19 164.4 50.2
1942-04-15 6.01 -7.03 3.61 149.7 81.3
1942-05-15 6.1 -2.97 3.67 158.1 91.7
1942-06-15 5.19 0.98 3.31 230.7 91.9
1942-07-15 6.02 1.87 4 167.1 134.3
1942-08-15 5.11 3.07 2.3 192.1 129.4
1942-09-15 4.57 2.61 3.44 205.3 108.9
1942-10-15 4.78 -1.04 3.8 181.3 52.2
1942-11-15 4.66 -9.43 2.86 135.6 90.8
1942-12-15 4.11 -8.01 3.37 151.8 36
1943-01-15 5.5 -11.11 3.77 107.3 118.6
1943-02-15 4.48 -9.92 3 157.2 101.6
1943-03-15 4.19 -7.3 2.71 187.4 35.3
1943-04-15 5.6 -6.27 3.26 172.8 100
1943-05-15 6.22 -1.9 2.33 176.9 107.7
1943-06-15 7.37 -1.23 2.24 113.9 125.8
1943-07-15 5.89 2.21 2.22 187.1 88.9
1943-08-15 5.24 4.26 2.57 219.7 85.6
1943-09-15 5.79 1.79 2.44 154.7 115.5
1943-10-15 3.12 0.02 1.78 257.8 0
1943-11-15 4.86 -9.37 3.09 110.9 136.9
1943-12-15 4.58 -8.81 2.59 128.6 89.4
1944-01-15 4.69 -9.95 3.38 143.9 154.4
1944-02-15 5.04 -14.1 2.73 130.1 205.2
1944-03-15 6.91 -15.19 3.11 58.5 222.9
1944-04-15 6.28 -6.06 2.27 144.1 147.7
1944-05-15 5.91 -3.13 2.07 188.1 72.8
1944-06-15 6.6 -1.18 2.97 137.3 120.9
1944-07-15 6.75 1.86 3.19 140 147.9
1944-08-15 5.71 5.89 2.74 192.8 76.3
1944-09-15 5.34 0.15 2.82 149.7 119.4
1944-10-15 5.97 -4.89 3.23 127.6 88
1944-11-15 6.37 -9.36 4.58 87.1 263.6
1944-12-15 4.4 -11.4 3.37 139 115.6
1945-01-15 5.3 -16.26 3.87 102.8 96.7
1945-02-15 5.63 -8.6 4.58 116 113.9
1945-03-15 6 -8.84 3.8 120.8 136.4
1945-04-15 5.97 -5.85 3.51 168.3 86.5
1945-08-15 NA NA NA NA 34.7
1945-09-15 4.92 0.38 3.34 166.5 127.9
1945-10-15 4.45 -4.14 4.61 174.8 84.4
1945-11-15 3.71 -7.74 3.87 184.5 36.9
1945-12-15 6 -10.71 5.56 86.1 107.2
1946-01-15 3.89 -11.18 5.08 170 68.1
1946-02-15 7.2 -12.08 7.7 51.3 161.6
1946-03-15 5.1 -7.78 4.42 175.9 28.1
1946-04-15 4.31 -3.67 3.55 233 25.3
1946-05-15 6.08 -0.56 3.44 179.5 75.5
1946-06-15 6.52 0.05 4.57 121.6 133.9
1946-07-15 4.93 3.49 3.75 217.2 170.2
1946-08-15 5.39 2.28 4.65 187.3 102.8
1946-09-15 3.72 2.24 4.78 234.9 47.5
1946-10-15 4.68 -4.08 4.34 186.5 44.3
1946-11-15 4.75 -6.77 4.74 148.3 74
1946-12-15 5.04 -12.05 3.84 114.1 67.3
1947-01-15 4.52 -14.44 4.88 127.9 65.5
1947-02-15 5.51 -12.09 5.44 130.7 53.4
1947-03-15 6.67 -8.1 6.25 116.1 121.3
1947-04-15 5.23 -4.44 4.87 216.5 49.8
1947-05-15 5.41 0.22 3.26 190.3 82.7
1947-06-15 5.8 2.1 3.87 185 113.9
1947-07-15 4.76 4 3.73 223.9 143.8
1947-08-15 4.17 3.24 3.4 210.9 52.6
1947-09-15 3.79 2.3 3.79 211.3 16.1
1947-10-15 3.67 -1.01 3.46 225.4 22
1947-11-15 6.79 -7.22 6.95 65.8 199.4
1947-12-15 6.21 -12.85 6.02 69.8 155
1948-01-15 6.32 -9.41 6.71 105.1 135.3
1948-02-15 5.76 -12.2 6.1 109.3 140.9
1948-03-15 4.23 -6.2 4.91 234 40.4
1948-04-15 5.09 -6.16 4.23 207.4 91
1948-05-15 5.1 -1.36 3.84 223.3 47.9
1948-06-15 5.76 -1.08 4.48 169.4 174
1948-07-15 6.28 0.15 4.52 150.8 184.7
1948-08-15 5.55 2.53 4.1 159.8 128.1
1948-09-15 3.89 1.2 4.01 249.4 44.6
1948-10-15 4.59 -1.29 3.89 201.3 32.8
1948-11-15 4.22 -5.04 4.15 158.7 49.7
1948-12-15 3.17 -6.8 4.17 168.8 48.5
1949-01-15 4.28 -9.06 5.06 128.7 81.7
1949-02-15 3.17 -9.91 4.97 187.7 34.4
1949-03-15 5.2 -12.5 5.17 154.2 119.2
1949-04-15 4.94 -3.75 4.63 193.4 77.9
1949-05-15 5.75 -2.88 4.2 169.9 187.1
1949-06-15 6.09 -1.07 4.31 141 102.2
1949-07-15 5.01 2.05 3.27 202.7 80.5
1949-08-15 5.54 2.49 3.59 184 213
1949-09-15 4.36 3.08 2.75 191.9 90.1
1949-10-15 3.79 0.06 3.14 223.1 57.9
1949-11-15 4.81 -8.45 4.29 116.9 76.5
1949-12-15 4.83 -8.07 5.13 117.9 176.6
1950-01-15 4.57 -10.98 4.93 101.5 184.2
1950-02-15 5.64 -8.58 5.16 114.4 154.2
1950-03-15 3.84 -8.02 3.9 220.7 71
1950-04-15 6.33 -8.44 4.11 131.9 178.7
1950-05-15 5.04 -0.79 2.97 234.9 105.5
1950-06-15 4.86 2.63 3.05 233.3 62.8
1950-07-15 5.16 4.39 3.57 216.5 108.5
1950-08-15 5.16 3.63 3.22 190.3 175.2
1950-09-15 6.15 -0.45 4.33 120.6 171.7
1950-10-15 3.82 -2.79 3.29 189.3 59.2
1950-11-15 5.79 -8.13 5.89 75.2 288.1
1950-12-15 5.31 -11.95 4.43 106.4 77.6
1951-01-15 5.93 -9.8 5.22 94.2 318.1
1951-02-15 5.49 -11.54 4.79 90.7 142.6
1951-03-15 6.06 -10.93 4.62 100.6 226.6
1951-04-15 4.91 -7.24 4.05 213.6 86.7
1951-05-15 5.4 -2.55 3.35 190 157.4
1951-06-15 5.94 0.79 3.2 142.1 170.1
1951-07-15 4.93 3.05 3.26 192.2 196.8
1951-08-15 4.73 3.72 3.73 204.5 121.4
1951-09-15 4.79 2.06 3.35 185.4 125.5
1951-10-15 2.51 -2.26 2.88 239.3 14.1
1951-11-15 6.16 -6.23 5.48 82.1 197.2
1951-12-15 4.12 -7.35 4.47 149.5 112.2
1952-01-15 5.48 -13.45 5.63 96.9 281
1952-02-15 5.7 -13.96 4.82 97.5 276.4
1952-03-15 5.84 -9.36 5.17 126.1 282.5
1952-04-15 5.37 -3.84 3.46 186.4 35.9
1952-05-15 6.29 -3.44 3.7 132.5 163.5
1952-06-15 5.45 1.05 4.03 172.4 124.9
1952-07-15 4.79 5.01 2.45 241.5 114.2
1952-08-15 5.32 3.81 3.27 190.8 179.3
1952-09-15 6.02 -3.09 4.52 104.5 150.2
1952-10-15 6.73 -5.26 5.13 80.3 303.7
1952-11-15 6.22 -10.59 5.46 75.3 295.2
1952-12-15 5.53 -11.11 5 81.9 184.7
1953-01-15 4.18 -12.79 3.94 147.3 78.3
1953-02-15 4.8 -12.39 4.36 158 114.5
1953-03-15 3.35 -8.63 3.44 247.3 94.4
1953-04-15 5.14 -5.14 3.02 176.7 173.4
1953-05-15 5.61 -2.63 3.54 187.7 242.4
1953-06-15 6.94 0.41 2.36 96.5 179.6
1953-07-15 5.86 3.35 3.13 182.4 266.2
1953-08-15 5.14 2.45 3.15 182 127.4
1953-09-15 4.56 1.93 4.18 199.6 63.8
1953-10-15 4.22 -0.94 3.05 186.3 62.8
1953-11-15 3 -3.1 3.45 217.6 27.3
1953-12-15 4.53 -6.85 3.93 141.5 121.5
1954-01-15 5.8 -14.85 5.96 79.6 271.4
1954-02-15 4.85 -11.58 4.39 132.6 71.3
1954-03-15 5.12 -8.42 3.39 178.1 92.7
1954-04-15 6.33 -8.17 3.51 110.8 232
1954-05-15 5.99 -3.73 3.03 154.4 242.6
1954-06-15 6.29 1.63 2.91 150.9 205.4
1954-07-15 6.76 -0.36 4.84 108.5 388.6
1954-08-15 5.95 1.24 3.78 136.6 134.1
1954-09-15 5.14 0.61 4.65 173 195.9
1954-10-15 4.81 -2.9 3.99 160.5 166.2
1954-11-15 4.54 -6.5 3.99 142.2 124.1
1954-12-15 5.13 -9.17 5.33 107.6 361.6
1955-01-15 4.66 -8.13 4.43 144.1 149.5
1955-02-15 6.59 -13.7 5.46 58.8 338.2
1955-03-15 4.78 -11.12 4.56 184.5 92
1955-04-15 5.84 -8.52 4.01 161.3 319.5
1955-05-15 5.64 -4.2 4.08 184 189.4
1955-06-15 6.62 -0.25 3.21 113.6 189.9
1955-07-15 6.23 2.13 2.91 127.1 251.3
1955-08-15 5.76 0.79 2.48 130.7 115.8
1955-09-15 4.9 -0.51 3.07 169.4 131.2
1955-10-15 4.46 -4.29 4.35 173.5 103.5
1955-11-15 4.27 -7.28 3.84 152 91.6
1955-12-15 6.54 -8.35 5.99 79.1 227.8
1956-01-15 4.99 -10.23 5.27 132 200
1956-02-15 4.12 -19.05 3.67 158.8 96.9
1956-03-15 5.45 -10.63 4.31 163.4 241.7
1956-04-15 6.41 -8.95 3.73 119.5 213
1956-05-15 5.56 -2.77 3.22 187.3 140.9
1956-06-15 6.92 -2.03 3.89 97.9 311.5
1956-07-15 5.68 2.14 3.66 197.3 102.7
1956-08-15 5.62 1.37 4.76 181.1 156.6
1956-09-15 4.03 2.37 3.88 216.5 53.7
1956-10-15 4.37 -4.33 3.4 193.9 181.8
1956-11-15 5.13 -8.61 3.96 116.6 149.6
1956-12-15 4.55 -9.83 4.19 127.3 84.7
1957-01-15 4.89 -10.92 4.95 126 172.1
1957-02-15 6.12 -9.5 5.98 94.1 233.2
1957-03-15 5.01 -6.18 4.32 173.3 93.5
1957-04-15 5.55 -6.96 3.21 155.2 166
1957-05-15 5.8 -5.07 3.09 127.2 134.9
1957-06-15 5.67 1.8 3.8 179.8 134.6
1957-07-15 6.08 2.23 3.11 141.2 249.7
1957-08-15 5.91 1.13 4.15 161.7 156.9
1957-09-15 5.87 -1.36 5.14 128.2 102.5
1957-10-15 2.42 -0.75 2.97 269 35.3
1957-11-15 3.81 -4.67 4.1 184.5 61.1
1957-12-15 3.81 -9.5 5.24 144.6 61.6
1958-01-15 4.92 -10.62 4.17 136.5 177.6
1958-02-15 6.33 -9.48 6.28 82 202
1958-03-15 5.44 -13.44 4.08 156.3 181.5
1958-04-15 5.76 -9.78 4.03 157.7 222.8
1958-05-15 5.35 0.23 4.32 209.3 86.4
1958-06-15 6.01 -0.34 3.32 164.1 228.7
1958-07-15 5.7 3.05 3.18 180.5 161.1
1958-08-15 5.25 3.57 3.37 186.7 114.5
1958-09-15 4.39 1.79 3.73 199 124.6
1958-10-15 4.77 -3.15 3.7 140.4 280.2
1958-11-15 4.38 -4.96 2.45 149.9 62.4
1958-12-15 4.62 -8.85 5.08 128.2 122.7
1959-01-15 5.35 -12.76 5.22 92.6 205
1959-02-15 2.44 -7.38 2.71 215.9 23.8
1959-03-15 5.24 -5.87 2.39 155.2 103.7
1959-04-15 4.9 -5.81 3.44 210.4 146.6
1959-05-15 5.54 -2.19 1.87 180 153.7
1959-06-15 6.65 0.33 2.67 93.6 297.1
1959-07-15 5.35 3.68 2.64 186.4 143.8
1959-08-15 5.4 1.97 2.47 180.1 181.5
1959-09-15 2.93 1.93 2.21 251.3 46.1
1959-10-15 3.48 -2.43 3.1 221 60.8
1959-11-15 4.1 -6.23 3.46 147.6 76
1959-12-15 4.95 -9.06 3.96 102.9 191.3
1960-01-15 5.53 -12 4.27 108.6 188.3
1960-02-15 5.63 -10.05 5.11 106.5 165.4
1960-03-15 5 -8.27 3.16 161.2 185.6
1960-04-15 5.79 -7.79 2.94 140.1 222.9
1960-05-15 5.82 -2.63 3.58 148 126.8
1960-06-15 5.88 1.19 3.05 147.6 164.2
1960-07-15 6.54 0.45 3.34 121.3 220.4
1960-08-15 6.04 1.61 4.31 158.9 164
1960-09-15 5.3 -1.1 3.5 160.4 148.9
1960-10-15 6.13 -4.18 5.49 101 117.3
1960-11-15 5.73 -6.9 4.82 95.8 105.7
1960-12-15 4.83 -9.07 4.19 116.5 65.7
1961-01-15 5.17 -9.78 4.42 121.3 67.6
1961-02-15 4.99 -8.74 4.82 130.5 236.5
1961-03-15 4.48 -8.19 4.39 201.3 120.6
1961-04-15 6.2 -3.64 3.56 138.7 148.7
1961-05-15 6.69 -4.56 4.07 127.4 319.8
1961-06-15 5.7 1.6 3.38 192.8 128.4
1961-07-15 6.16 0.42 4.33 144.3 148.6
1961-08-15 4.79 2.1 3.98 223.4 167.8
1961-09-15 3.8 3.98 3.41 223.9 57.7
1961-10-15 4.27 -1.13 3.15 216.3 51.4
1961-11-15 4.67 -5.84 4.19 151.7 61.4
1961-12-15 4.91 -9.59 5.44 124.4 171.3
1962-01-15 5.61 -10.23 5.41 103.3 222.1
1962-02-15 5.24 -12.85 5.36 121 240.5
1962-03-15 5.51 -13.08 4.48 169.8 171.4
1962-04-15 5.84 -7.72 4.64 156.2 280.5
1962-05-15 6.5 -4.9 4.23 124.7 275
1962-06-15 6.17 -1.72 3.14 163.3 94.6
1962-07-15 6.15 0.9 3.59 160 159.5
1962-08-15 4.58 3.63 4 253.4 92
1962-09-15 4.68 -0.17 3.66 198.1 96.2
1962-10-15 2.54 -0.89 3.02 260 58.2
1962-11-15 5.39 -8.9 3.74 123.2 71.9
1962-12-15 4.53 -12.06 4.83 127 305.9
1963-01-15 5.51 -16.13 4.12 93.1 124
1963-02-15 4.33 -13.91 3.82 161.4 49.6
1963-03-15 5.61 -9.84 4.26 151.8 193.4
1963-04-15 6.1 -5.64 3.34 148.4 132.5
1963-05-15 6.1 -2.89 2.41 168.5 143.2
1963-06-15 6.12 1.12 3.19 167.4 165.2
1963-07-15 5.3 3.54 2.45 203.1 116.4
1963-08-15 5.72 2.04 3.74 175.2 226.1
1963-09-15 5.43 1.21 3.08 159.8 118.7
1963-10-15 3.94 -2.12 3.34 224.7 55.8
1963-11-15 6.04 -4.7 4.78 122.6 124.6
1963-12-15 3.27 -9.09 2.54 188.7 25.5
1964-01-15 2.62 -8.76 2.78 211.5 62.1
1964-02-15 5.34 -10.38 3.63 135.4 170.2
1964-03-15 5.72 -9.38 3.95 131.1 129.7
1964-04-15 5.98 -5.88 3.95 162 180.7
1964-05-15 6.23 -1.9 3.59 161.6 189.3
1964-06-15 5.68 2.04 3.06 174.4 138.8
1964-07-15 5.36 2.95 2.75 200.9 138.4
1964-08-15 5.05 1.72 3.1 176.6 199.7
1964-09-15 3.96 1.08 3.57 210.7 143.9
1964-10-15 6.09 -5.45 3.41 99.9 288.5
1964-11-15 5.56 -6.05 4.56 105 154.5
1964-12-15 4.48 -9.4 4.33 121.2 118.4
1965-01-15 6.5 -11.31 4.79 62.5 220.2
1965-02-15 4.96 -17.22 4.41 110.3 251.9
1965-03-15 5.17 -10.49 4.37 150.8 180.2
1965-04-15 6.44 -9.43 3.43 110.1 387.7
1965-05-15 6.93 -4.52 4.02 99.6 343.6
1965-06-15 6.11 0.95 3.83 154.5 299.7
1965-07-15 6.55 0.83 3.82 139.6 163.9
1965-08-15 5.48 0.99 3.26 159.5 128.6
1965-09-15 5.26 -0.87 3.87 152.9 101.7
1965-10-15 2.44 0.09 2.86 270 6
1965-11-15 6.28 -9.12 4.98 80.9 131.1
1965-12-15 6.71 -10.47 5.95 35.6 311
1966-01-15 5.48 -13.5 4.59 106.6 124.3
1966-02-15 6.07 -7.05 5.54 86.1 148.4
1966-03-15 5.75 -12.36 4.88 114 380.2
1966-04-15 5.73 -5.29 3.69 169 166.9
1966-05-15 5.54 -2.69 3.29 179.3 271
1966-06-15 5.81 0.74 3.33 154.6 188.2
1966-07-15 6.32 0.5 3.62 129.8 263.5
1966-08-15 5.81 1.01 3.72 153.6 253.6
1966-09-15 4.24 2.02 3.72 226 80.2
1966-10-15 5.33 -1.11 4.15 153.2 79.1
1966-11-15 5.37 -10.27 4.65 121.9 191.9
1966-12-15 6.55 -11.78 5.73 56.1 310.5
1967-01-15 5.22 -12.18 4.62 112.6 205.1
1967-02-15 4.87 -10.49 5.41 123.1 121.4
1967-03-15 5.74 -9.84 5.57 124 443
1967-04-15 5.41 -8.6 4.54 170.8 275.6
1967-05-15 5.79 -2.84 3.65 186.8 201.9
1967-06-15 5.21 -0.69 3.21 196.3 201.9
1967-07-15 5.13 4.02 3.26 204.6 162.8
1967-08-15 5.43 2.53 3.55 176.7 111.6
1967-09-15 5.31 0.26 3.62 163.2 123.4
1967-10-15 3.88 -0.34 4.5 237 47.2
1967-11-15 4.37 -4.63 4.61 148.5 44.8
1967-12-15 5.01 -12.49 4.85 99.2 144.9
1968-01-15 5.74 -14.11 5.95 106.7 438.3
1968-02-15 5.09 -10.59 4.94 141.1 77.4
1968-03-15 4.73 -9.47 5.06 186.1 156.2
1968-04-15 4.63 -5.3 3.59 213.6 95.8
1968-05-15 5.99 -3.17 3.75 158.3 147.3
1968-06-15 6.4 0.28 3.67 156.9 142
1968-07-15 5.33 1.54 3.41 178.6 261.1
1968-08-15 6.58 0.51 3.76 96.7 220.5
1968-09-15 5.44 -1.04 3.89 132.5 138.3
1968-10-15 4.35 -0.77 4.15 166.1 102.9
1968-11-15 4.29 -5.32 3.86 148.9 34.7
1968-12-15 3.86 -11.31 3.9 143.7 137.8
1969-01-15 5.09 -9.41 4.03 138.2 154.4
1969-02-15 5.78 -14.86 3.99 113.3 112.1
1969-03-15 4.64 -9.49 3.27 177.9 77.4
1969-04-15 5.49 -7.84 4.13 159.4 177.6
1969-05-15 5 -1.02 3.46 212.4 99.4
1969-06-15 6.5 -1.16 3.02 124.3 196.3
1969-07-15 5.59 3.22 2.85 190.7 223.4
1969-08-15 6.47 0.84 3.24 128.4 231.4
1969-09-15 4.35 2.22 2.45 211.2 29.8
1969-10-15 2.98 0 3.56 244.5 25.8
1969-11-15 5.35 -7.48 5.66 118.2 105.6
1969-12-15 4.28 -13.4 4.25 136.6 98
1970-01-15 4.75 -9.88 4.9 126.2 95.8
1970-02-15 7.16 -14.59 5.86 34.8 402.1
1970-03-15 5.98 -13.05 4.9 112.3 209.1
1970-04-15 6.88 -10.16 4.89 90.4 339
1970-05-15 6.61 -5.21 4.81 103.4 239.4
1970-06-15 6.2 1.34 3.22 158.5 100.5
1970-07-15 5.78 1.78 3.94 171.6 177.3
1970-08-15 5.7 2.62 3.19 148.9 305.9
1970-09-15 4 1.44 3.7 231.8 92.4
1970-10-15 4.67 -3.17 4.57 165.3 292.4
1970-11-15 5.52 -5.36 4.98 102.2 220.8
1970-12-15 4.5 -10.67 3.94 135.4 118.3
1971-01-15 4.79 -10.42 4.27 129.8 31.7
1971-02-15 5.01 -12.58 3.96 118.2 278.1
1971-03-15 5.31 -13.8 3.75 140.5 126.6
1971-04-15 4.76 -4.93 3.19 203.7 54.1
1971-05-15 6.29 -0.82 2.68 159.9 115
1971-06-15 6.9 -1.32 3.83 102.4 224.3
1971-07-15 4.24 3.39 2.36 242.1 95.8
1971-08-15 4.93 4.65 3.14 221.7 163.5
1971-09-15 4.34 -1.3 2.81 207.8 97.6
1971-10-15 3.16 -0.91 3.98 249 23.4
1971-11-15 5.13 -7.95 5.03 116.9 168
1971-12-15 3.79 -6.53 4.82 165.9 116.3
1972-01-15 4.18 -10 3.86 152.1 27.4
1972-02-15 5.64 -8.14 4.33 120.5 56.5
1972-03-15 4.7 -7.49 4.11 183.4 29.4
1972-04-15 6.7 -7.43 4.12 100.7 260.5
1972-05-15 6.83 -3.95 3.68 116.5 131.4
1972-06-15 6.06 0.09 3.7 166.2 128.9
1972-07-15 6.25 2.04 3.11 126.9 246.4
1972-08-15 5.31 1.85 3.07 198.9 148.4
1972-09-15 5.24 -3.64 2.87 136.1 66.5
1972-10-15 3.38 -3.38 4.27 230.4 182.4
1972-11-15 4.76 -6.7 5.56 124.3 236.9
1972-12-15 2.96 -6.06 4.78 200.1 15
1973-01-15 4.11 -9.18 4.48 149.4 146
1973-02-15 5.29 -13.62 4.88 114.8 190.7
1973-03-15 4.76 -11.2 3.97 177.2 159.2
1973-04-15 6.55 -10.85 4.64 119.3 215
1973-05-15 5.67 -1.79 4.42 187.8 110.7
1973-06-15 6 1.19 3.74 167.7 143
1973-07-15 6.69 1.3 3.82 89 174.3
1973-08-15 4.63 4.34 2.95 210.8 111.9
1973-09-15 4.85 1.3 3.42 173.6 78.7
1973-10-15 4.34 -3.15 4.86 171.4 178.9
1973-11-15 5.24 -8.3 5.65 118.8 223.8
1973-12-15 5.45 -10.37 5.7 85.2 240.9
1974-01-15 5.64 -7.78 4.88 111.4 150.3
1974-02-15 5.63 -10.29 4.13 104.8 114.4
1974-03-15 5.61 -7.86 3.75 139.5 91.5
1974-04-15 5.69 -7.89 2.82 153.9 141.5
1974-05-15 5.76 -4.08 3.77 174.4 183.4
1974-06-15 6.73 -1.97 4.41 120.6 256.3
1974-07-15 6.05 0.96 4.94 174.4 204
1974-08-15 4.92 3.97 3.31 229.6 164.3
1974-09-15 4.99 -0.08 3.9 192 225.8
1974-10-15 7.25 -10.48 4.48 48.5 261
1974-11-15 5.36 -8.02 5.22 123 192.9
1974-12-15 5.79 -9.21 6.25 81.5 370.4
1975-01-15 5.12 -8.06 5.15 122.9 159.5
1975-02-15 2.74 -9.66 3.22 215.5 53.7
1975-03-15 5.85 -10.69 3.47 131.5 133.4
1975-04-15 5.69 -7.81 4 167.6 160.7
1975-05-15 5.44 -1.96 3.55 199.5 99.1
1975-06-15 6.26 -1.14 4.17 131.2 216.3
1975-07-15 5.28 2.34 3.75 210.3 204.2
1975-08-15 5.24 2.68 2.84 172 173.5
1975-09-15 4.62 2.7 4.91 185.1 58.5
1975-10-15 3.73 -3.42 4.23 195.4 96.2
1975-11-15 4.55 -7.46 4.85 145.2 174.1
1975-12-15 3.13 -7.26 4.35 166.1 30.7
1976-01-15 6.12 -12.31 5.54 73.3 357.6
1976-02-15 3.44 -8.15 2.35 195.2 38.9
1976-03-15 4.71 -11.67 3.77 199.9 84.5
1976-04-15 4.79 -7.28 3.9 191.4 111.7
1976-05-15 5.3 -2.39 4.05 190.5 205.8
1976-06-15 4.87 0.98 3.68 201.7 136.6
1976-07-15 5.73 2.78 3.14 161.3 239.3
1976-08-15 6.36 -0.27 3.69 115.3 138.2
1976-09-15 5.44 -1.7 4.6 145.3 140
1976-10-15 4.82 -1.23 4.98 170.3 52.7
1976-11-15 5.26 -8.34 6.15 110.1 294.6
1976-12-15 4.56 -12.07 6.47 132.2 172.9
1977-01-15 5.83 -11.26 6.38 76.4 154.3
1977-02-15 5.91 -10.12 6.73 93.7 221.6
1977-03-15 5.53 -6.6 6.05 161.2 144.1
1977-04-15 6.61 -8.65 5.8 114.8 398.5
1977-05-15 5.78 -2.74 3.95 185.2 102.7
1977-06-15 5.73 0.27 3.71 183.2 138
1977-07-15 5.92 2.04 3.79 177.8 141.3
1977-08-15 6.42 1.03 3.59 121.7 144.9
1977-09-15 5.1 -1.56 3.28 161.4 95.6
1977-10-15 3.98 -0.28 3.7 209.6 62
1977-11-15 5.72 -8.98 6.36 103.9 235.7
1977-12-15 4.77 -7.44 4.82 106.3 169.7
1978-01-15 5.21 -11.69 5.82 113.5 150.7
1978-02-15 5.73 -11.99 5.45 101.5 162.6
1978-03-15 6.09 -9.74 5.32 124.9 264.7
1978-04-15 5.58 -8.48 2.15 178.4 192.3
1978-05-15 6.86 -4.99 3.39 98.8 249.8
1978-06-15 6.24 -1.32 2.47 161.9 127.8
1978-07-15 6.17 0.55 3.09 133.9 166.2
1978-08-15 5.55 0.62 2.65 183.4 147.4
1978-09-15 5.74 -1.44 4.41 141.8 183.2
1978-10-15 3.78 -1.73 4.81 196.8 164.7
1978-11-15 2.74 -4.8 3.82 234.7 48.6
1978-12-15 5.59 -8.25 6.04 87.7 94.6
1979-01-15 5.52 -14.24 5.1 94 190.8
1979-02-15 5.34 -10.75 4.84 129.1 101.7
1979-03-15 6.22 -9.75 5.58 126.5 242.1
1979-04-15 6.12 -9.38 3.36 136.8 244.7
1979-05-15 4.71 -3.24 4.04 248 145.3
1979-06-15 6.31 1.11 3.96 165.9 349.1
1979-07-15 6.92 0.73 4.88 109.5 111.8
1979-08-15 5.8 1.12 3.58 184.1 209
1979-09-15 3.85 0.96 3.33 230.1 95
1979-10-15 4.99 -1.13 4.26 175.6 39.6
1979-11-15 5.68 -8.24 4.85 105.3 269.6
1979-12-15 5.65 -9.5 5.77 70.7 268
1980-01-15 5.3 -13.26 4.52 112.5 268.7
1980-02-15 4.68 -10.17 3.92 139.5 153.6
1980-03-15 6.01 -10.25 3.8 137.6 151.7
1980-04-15 5.98 -10.79 2.8 131.1 553.5
1980-05-15 6.23 -4.71 1.87 151.8 102.2
1980-06-15 6.82 -1.63 3.03 91.8 195.3
1980-07-15 6.05 0.16 3.87 141.7 224.2
1980-08-15 5.51 3.3 3.49 201.5 104.6
1980-09-15 4.27 1.19 4.54 205.2 100.3
1980-10-15 5.74 -4.3 5.27 124.9 215.6
1980-11-15 4.99 -7.71 5 116.1 134.8
1980-12-15 5.53 -12.1 4.8 93.4 298.1
1981-01-15 5.26 -14.7 4.91 103.5 417.1
1981-02-15 3.4 -12.36 3.38 198.8 155.3
1981-03-15 6.4 -7.45 4.66 130.6 231.3
1981-04-15 4.76 -5.94 2.49 196.7 72.2
1981-05-15 6.14 -2.75 3.06 154.6 151.2
1981-06-15 6.03 0.54 3.19 168.2 149
1981-07-15 6.39 1.02 3.17 138.4 355.8
1981-08-15 5.26 2.34 2.71 196.1 117.1
1981-09-15 6.25 0.65 3.26 111.7 189.4
1981-10-15 5.75 -4.36 5.65 124.8 247.1
1981-11-15 5.44 -9.75 3.94 105.5 301.2
1981-12-15 6.79 -13.44 5.18 45.2 337.7
1982-01-15 5.1 -9.63 3.56 116.5 304.6
1982-02-15 3.75 -10.53 2.48 186.4 29.6
1982-03-15 5.46 -10.99 3.07 149.5 292.5
1982-04-15 5.95 -9.38 2.89 155.5 152
1982-05-15 4.93 -2.34 2.58 232.5 111
1982-06-15 6.12 1.09 3.57 155.4 221.2
1982-07-15 5.7 3.91 2.56 193.3 184.6
1982-08-15 5.96 2.61 3.28 139.7 160.5
1982-09-15 3.81 3.52 2.71 227.5 78.2
1982-10-15 4.66 -2.91 3.93 164.8 92.7
1982-11-15 4.42 -4.76 4.63 158.6 103.3
1982-12-15 5.21 -9.88 4.69 92.1 188.1
1983-01-15 5.45 -8.59 5.23 105.8 380.7
1983-02-15 3.85 -13.59 3.45 160.1 85.8
1983-03-15 4.97 -8.43 3.85 162.4 104.8
1983-04-15 6.14 -6.14 4.56 151.6 196.2
1983-05-15 6.34 -3.85 3.95 143 173.1
1983-06-15 6.05 0.86 2.82 159.1 217.2
1983-07-15 4.17 6.23 2.96 267.6 89.9
1983-08-15 5.35 3.05 2.41 165.3 255.6
1983-09-15 4.92 1.29 4.34 169.3 139.4
1983-10-15 4.31 -2.43 3.86 192.4 103.7
1983-11-15 3.39 -5.6 3.66 188.5 218.3
1983-12-15 4.41 -8.93 4.41 137.7 132.3
1984-01-15 5.93 -12.48 5.38 67.6 247.9
1984-02-15 5.17 -13.97 4.34 144.5 265.1
1984-03-15 3.9 -12.12 3.67 211.3 161.6
1984-04-15 5.07 -8.84 3.26 182.2 78.8
1984-05-15 6.3 -4.85 3.91 136.3 135.8
1984-06-15 5.95 -1.51 4.47 148.5 194.7
1984-07-15 5.62 1.65 4.15 189.5 144.9
1984-08-15 5.44 1.85 2.74 166.9 129.5
1984-09-15 5.9 -1.92 3.82 137.6 299.7
1984-10-15 4.14 -1.6 3.62 200.7 60.1
1984-11-15 4.44 -3.22 4.45 151 91.5
1984-12-15 4.18 -8.71 3.33 133.2 114.7
1985-01-15 5.85 -15.99 4.51 89.3 150.3
1985-02-15 5.23 -11.47 3.61 118.5 164.9
1985-03-15 5.64 -11.47 4.2 155.1 159.3
1985-04-15 5.76 -7.73 4.9 175.4 264
1985-05-15 5.75 -2.29 3.94 183.5 98.4
1985-06-15 6.94 -2.13 4.01 128.2 213.9
1985-07-15 5.47 3.75 3.58 215.9 148.4
1985-08-15 4.62 2.67 3.73 238.7 237.1
1985-09-15 4.05 1.8 3.46 224.7 61.1
1985-10-15 3.42 -0.98 2.94 234.3 22.2
1985-11-15 5.59 -10.09 4.79 119.2 126.5
1985-12-15 5.51 -6.89 5.19 116.6 85.1
1986-01-15 6.45 -13.39 5.65 62.6 356.4
1986-02-15 4.22 -14.78 3.8 163.5 35.6
1986-03-15 5.25 -9.04 4 178.6 120.2
1986-04-15 6.23 -7.72 4.65 125.5 141.3
1986-05-15 6.01 -0.49 3.65 176.3 192.5
1986-06-15 5.74 0.38 3.42 188.9 118.1
1986-07-15 5.48 1.66 3.45 181.5 149.9
1986-08-15 5.62 2.61 3.68 182.2 203.4
1986-09-15 4.56 1.62 3.98 208.1 45.5
1986-10-15 3.65 -0.68 3.81 221.5 83
1986-11-15 3.88 -4.95 4.21 171.7 79
1986-12-15 5.38 -10.48 4.85 112.6 259.2
1987-01-15 4.82 -13.48 4.45 115 173.1
1987-02-15 5.58 -9.97 4.4 121.9 117.1
1987-03-15 5.61 -14.64 4.1 129.7 296.4
1987-04-15 5.17 -6.28 3.67 191 142.7
1987-05-15 6.54 -6.05 3.72 128.6 255.7
1987-06-15 6.81 -0.89 4.1 116.4 173.5
1987-07-15 5.93 3.12 3.66 188.9 199.4
1987-08-15 6.04 1.96 4.49 132.3 125.6
1987-09-15 4.49 2.76 4 198.3 81.2
1987-10-15 5.11 -0.66 4.43 161.5 43.6
1987-11-15 5.6 -7.58 4.3 98.2 259.7
1987-12-15 4.75 -6.72 4.34 118.8 172.4
1988-01-15 5.31 -9.05 5 109.7 163.4
1988-02-15 6.09 -12.88 4.92 97.1 292.3
1988-03-15 7.17 -12.91 5.24 74.8 453.2
1988-04-15 5.42 -5.64 3.44 189.1 101.9
1988-05-15 6.04 -0.93 3.18 180.7 127.6
1988-06-15 6.48 -0.68 3.24 135.2 217.2
1988-07-15 5.54 3.23 3.99 216.2 177.3
1988-08-15 5.19 3.47 3.46 201.9 176.2
1988-09-15 5.28 0.03 3.89 176.4 114.8
1988-10-15 5.15 -0.75 4.1 166.4 66
1988-11-15 4.34 -8.34 4 168.5 190.2
1988-12-15 6.06 -10.02 4.65 74.1 477.5
1989-01-15 2.11 -5.89 3.84 221.5 75.9
1989-02-15 4.61 -7.89 4.38 137.1 174.6
1989-03-15 5.15 -6.92 3.98 177.4 123.7
1989-04-15 6.57 -6.99 4.37 100.9 129.9
1989-05-15 5.4 -2.26 3.09 186.4 127.8
1989-06-15 6.63 -1.76 3.02 111.7 201.8
1989-07-15 6.69 2.26 3.32 112.6 287.1
1989-08-15 5.31 2.2 3.53 184.2 173.1
1989-09-15 4.86 0.32 3.08 179 177
1989-10-15 4.16 -1.93 4.06 200 129.7
1989-11-15 3.36 -7.08 3.76 190.9 84.2
1989-12-15 3.51 -5.87 4.61 175.8 70.4
1990-01-15 3.45 -7.99 4.11 179.4 48.4
1990-02-15 4.73 -6.84 5.03 144.2 154.7
1990-03-15 4.76 -7.23 4.11 200.8 134.4
1990-04-15 6.6 -8.04 3.59 117.8 205.6
1990-05-15 5.78 -1.83 2.86 192 91.3
1990-06-15 6.62 0.08 3.47 143.7 206.3
1990-07-15 4.88 2.72 3.26 243.3 129.6
1990-08-15 5.11 3.38 3.05 219.5 117.1
1990-09-15 6.45 -1.83 4.1 132.9 142.7
1990-10-15 4.63 -0.41 4.17 187.3 115
1990-11-15 5.61 -8.55 3.95 118.6 174.7
1990-12-15 5.14 -11.86 4.19 118.9 146.8
1991-01-15 3.53 -8.12 4.11 181.4 79.8
1991-02-15 4.63 -12.99 3.45 162.7 48.4
1991-03-15 5.61 -6.07 3.55 134.2 125.4
1991-04-15 5.81 -8.97 3.07 145.6 153.9
1991-05-15 6.58 -6.86 3.19 98.9 311.4
1991-06-15 6.83 -0.88 3.93 122.2 125.5
1991-07-15 5.46 4.31 2.98 212.1 173.8
1991-08-15 5.23 3.95 2.94 202.2 60.5
1991-09-15 5.19 2.04 3.31 158.2 85.6
1991-10-15 4.38 -3.31 3.68 187.5 54.2
1991-11-15 5.09 -7.1 4.31 93 157.1
1991-12-15 3.82 -9.47 4.35 145.2 399
1992-01-15 3.31 -7.89 3.95 173.3 21.9
1992-02-15 4.76 -10.34 3.88 118.5 219.4
1992-03-15 5.83 -9.81 4.05 117.2 284.2
1992-04-15 5.69 -7.16 3.79 149 213.1
1992-05-15 4.84 -0.62 2.69 227 20.1
1992-06-15 6.01 0.83 2.58 137.5 176.4
1992-07-15 5.43 4.05 2.92 199.6 191
1992-08-15 4.72 6.14 3.44 243.9 144.8
1992-09-15 4.72 0.65 3.48 178.5 104.5
1992-10-15 6.22 -5.05 4.3 84.2 147.2
1992-11-15 5.71 -5.55 4.65 86 366.4
1992-12-15 3.77 -7.14 3.74 146.1 114
1993-01-15 4.66 -8.05 4.81 133.9 142.5
1993-02-15 3.9 -9.78 3.2 168.7 154.6
1993-03-15 5.27 -11.1 3.61 147.7 232.9
1993-04-15 5.76 -6 3.31 164.4 259.1
1993-05-15 5.37 -0.66 3.02 211.1 79.3
1993-06-15 6.28 0.85 3.51 164.6 207.7
1993-07-15 6.16 1.27 3.36 145 263.5
1993-08-15 5.25 3.04 3.54 212.3 154.2
1993-09-15 6.17 -1.14 3.97 140.1 167.9
1993-10-15 5.32 -2.49 4.12 163.9 66.5
1993-11-15 4.59 -8.25 3.31 159.5 75.1
1993-12-15 6.55 -9.97 5.12 68.3 219.5
1994-01-15 6 -10.34 4.6 108.5 222.7
1994-02-15 5.73 -11.52 4.39 96.9 100.9
1994-03-15 6.55 -6.59 4.5 132.1 204.9
1994-04-15 6.52 -8.19 3.41 126.9 217.3
1994-05-15 6.19 -2.15 3.67 162.5 173.4
1994-06-15 6.09 0.83 3.49 164.8 152.7
1994-07-15 5.37 5.23 2.52 207.3 151.4
1994-08-15 5.9 4.26 3.59 198.5 156.8
1994-09-15 6.15 0.64 4.03 170.1 100
1994-10-15 5.07 -3.04 3.9 195.1 81.3
1994-11-15 6.08 -4.3 4.31 108.3 166.8
1994-12-15 5.14 -8.14 4.56 121.3 166.8
1995-01-15 5.54 -12.88 4.77 97.2 303.5
1995-02-15 6.36 -8.84 4.92 89.6 126.4
1995-03-15 5.66 -12.12 4.48 154.6 312.8
1995-04-15 6.9 -7.06 4.27 100.7 348.2
1995-05-15 6 -2.72 3.42 180.3 190.8
1995-06-15 6.59 -1.11 3.24 111.9 264.6
1995-07-15 4.97 5.41 2.75 222.8 154.5
1995-08-15 6.26 1.86 2.84 118.7 365.8
1995-09-15 5.98 -2.73 3.86 114.9 101.5
1995-10-15 3.83 1.79 3.38 262.9 13.2
1995-11-15 5.03 -8.38 4.26 127.7 244.4
1995-12-15 5.66 -9.95 4.5 112.9 149.9
1996-01-15 3.99 -7.15 4.03 175.1 27.7
1996-02-15 5.09 -13.69 4.23 141.2 92
1996-03-15 5.41 -11.81 3.76 189 140.8
1996-04-15 5.81 -6.16 3.1 200.4 109.1
1996-05-15 6.02 -1.88 3.73 178.4 194.3
1996-06-15 5.62 1.67 3.03 184.7 148.4
1996-07-15 5.77 1.35 3.54 175.6 192
1996-08-15 6.19 1.84 2.84 116.6 216.3
1996-09-15 6.6 -3.75 3.55 107.6 227.4
1996-10-15 5.2 -3.23 3.87 179.5 196.3
1996-11-15 5.94 -8.03 5.16 112 218.9
1996-12-15 5.3 -8.65 4.02 126.3 108.5
1997-01-15 3.74 -6.96 4.14 181.5 7.2
1997-02-15 5.14 -8.63 4.81 147.6 156.2
1997-03-15 5.82 -7.68 3.96 128.2 347.9
1997-04-15 5.74 -9.73 3.69 167.8 310.3
1997-05-15 5.75 -2.35 3.94 222.1 96.6
1997-06-15 7.06 0.77 3.8 111.8 143.2
1997-07-15 6.5 0.9 3.57 127.6 240.3
1997-08-15 5.37 3.85 2.7 162.2 104.7
1997-09-15 3.63 3.26 3.28 284.9 33.5
1997-10-15 4.85 -3.36 4.14 185.3 172.9
1997-11-15 4.88 -6 3.94 150.3 104.4
1997-12-15 6.34 -9.75 4.84 85.3 254.1
1998-01-15 4.6 -9.09 4.54 164.9 145.2
1998-02-15 3.42 -5.96 4.14 226.5 34.8
1998-03-15 6.06 -10.52 4.24 137.4 287.9
1998-04-15 6.39 -6.97 4.18 146.9 134.3
1998-05-15 5.96 -1.95 2.98 185.8 140.3
1998-06-15 6.21 1.47 3.75 166.1 261.6
1998-07-15 6.45 2.9 3.94 133.7 174.7
1998-08-15 5.27 3.89 3.33 211.9 138.4
1998-09-15 6.05 -0.49 4 130.7 264.6
1998-10-15 6.97 -4.15 5.15 87.8 226.5
1998-11-15 5.87 -10.89 4.56 106.2 199
1998-12-15 5.19 -9.97 4.97 135.3 171.6
1999-01-15 5.28 -9.28 5.18 134.5 167.2
1999-02-15 6.73 -14.03 5.19 80.1 363.7
1999-03-15 5.4 -8.97 4.45 177.8 171.9
1999-04-15 6.21 -6.63 3.78 143.4 198.9
1999-05-15 5.88 -0.27 4.03 174.5 347.5
1999-06-15 6.37 -0.05 3.66 148.2 214.6
1999-07-15 5.69 3.37 3.47 180.6 118.8
1999-08-15 6.23 3.28 3.82 124.5 159
1999-09-15 5.1 2.51 3.71 187 114.3
1999-10-15 4.96 -2.21 4.4 186.8 59.8
1999-11-15 4.98 -8.28 3.95 139.7 225.9
1999-12-15 6.15 -11.45 5.3 80.4 211.6
2000-01-15 4.04 -11.49 4.52 166.4 175.6
2000-02-15 6.06 -10.41 5.16 109.8 306.3
2000-03-15 6.11 -9.81 5 125.7 448.7
2000-04-15 5.46 -4.79 4.27 188.2 85.8
2000-05-15 6.1 -0.47 3.55 173 172.4
2000-06-15 5.44 2.47 3.4 202.2 114.6
2000-07-15 6.92 0.17 4.11 111.1 267.1
2000-08-15 4.88 4.25 3.4 218.8 178.9
2000-09-15 5.25 0.94 4.14 183.8 156.2
2000-10-15 6.01 -1.83 4.52 135.5 139.4
2000-11-15 5.61 -6.8 5.1 124.4 83
2000-12-15 5.35 -7.8 4.87 121.4 105.7
2001-01-15 5.4 -10.07 4.79 125.8 100.4
2001-02-15 5.61 -10.86 4.59 132 211.2
2001-03-15 6.78 -7.23 5.37 90.4 228.6
2001-04-15 6.71 -8.86 4.03 126.2 366.9
2001-05-15 5.6 -0.17 3.48 208.4 72.6
2001-06-15 6.3 -1.19 4.13 148.5 346.2
2001-07-15 5.58 3.2 3.65 179.7 102.2
2001-08-15 5.07 5.07 3.45 204.3 171.2
2001-09-15 6.95 -3.55 4.57 57.7 346.1
2001-10-15 4.38 0.99 4.45 219.5 58
2001-11-15 4.77 -7.63 4.4 145.5 286.4
2001-12-15 5.01 -13.17 4.94 112.1 241.9
2002-01-15 3.88 -8.51 4.68 186.8 56.2
2002-02-15 6.52 -8.56 5.68 78.6 183.2
2002-03-15 4.79 -7.33 4.42 227.3 307.6
2002-04-15 5.52 -7.28 3.63 185.7 147.6
2002-05-15 6.11 -1.22 4.1 185.7 83.3
2002-06-15 5.71 3.19 3.87 196 158.2
2002-07-15 5.7 3.38 3.94 188.2 225.1
2002-08-15 5.87 3.07 3.19 134.1 187.4
2002-09-15 5.32 -1.42 3.57 157.1 234.5
2002-10-15 6.09 -3.28 5.26 135.1 161.3
2002-11-15 6.4 -6.37 5.53 84.1 306.6
2002-12-15 5.33 -7.99 4.61 112.2 175.2
2003-01-15 5.35 -12.08 4.71 117.9 202.9
2003-02-15 2.8 -12.77 4.36 214.9 193
2003-03-15 4.4 -7.87 3.9 236.2 88.4
2003-04-15 5.78 -7.43 4.3 194.5 201.3
2003-05-15 6 -0.24 4.1 200.4 149.2
2003-06-15 5.77 5.49 3.43 195.6 97
2003-07-15 6.1 3.69 3.55 144.9 144.1
2003-08-15 4.43 6.56 3.35 236.6 93.8
2003-09-15 4.48 0.74 3.3 205.8 148.2
2003-10-15 4.81 -5.33 4.74 164.8 302
2003-11-15 4.75 -4.24 4.83 151.3 78
2003-12-15 5.28 -8.51 5.12 117.4 183.1
2004-01-15 6.64 -13.05 5.32 86.8 322.3
2004-02-15 5.78 -11.18 5.17 124.5 134.3
2004-03-15 4.95 -9.81 4.16 198.7 205.8
2004-04-15 6.02 -6.73 3.87 176.6 134.6
2004-05-15 6.27 -4.6 3.55 141.7 146
2004-06-15 6.29 0.09 3.93 140.8 230.5
2004-07-15 5.96 2.43 4 160.7 223.2
2004-08-15 6.09 3.63 4 161.4 205
2004-09-15 4.96 1.21 3.83 188.8 160.1
2004-10-15 6 -0.9 4.61 148.5 59.2
2004-11-15 6.09 -7.98 5.09 94.9 194.1
2004-12-15 3.88 -7.44 NA 172.1 78.1
2005-01-15 4.99 -12.27 4.84 133 245.2
2005-02-15 4.74 -16.02 4.07 153.2 204
2005-03-15 5.77 NA 4.35 181 198.3
2005-04-15 5.74 -6.41 4.1 160.1 180.3
2005-05-15 5.79 -1.95 3.9 195.9 248.5
2005-06-15 6.25 1.46 3.53 148 118.2
2005-07-15 6.28 2.6 4.1 145.9 208.2
2005-08-15 6.29 1.29 3.68 118.2 295.1
2005-09-15 5.08 1.36 3.2 178.4 102.1
2005-10-15 3.76 0.84 3.81 228.1 48
2005-11-15 5.24 -8.29 3.83 145.1 135.6
2005-12-15 5.32 -12.86 4.48 124.8 261.4
2006-01-15 3.54 -10.71 4.26 198.6 156.2
2006-02-15 5.4 -12.49 4.68 136.1 146.3
2006-03-15 5.84 -11.24 4.83 125.7 202.1
2006-04-15 6.07 -6.78 4.03 138.4 212.1
2006-05-15 6.47 -2.8 4.19 151.3 202.7
2006-06-15 5.62 1.52 3.27 213 195
2006-07-15 4.4 6.55 2.61 253.3 111
2006-08-15 7.12 -0.83 4.23 79 285.2
2006-09-15 4.57 4.2 3.6 215.8 66.9
2006-10-15 4.7 0.94 4.45 196.7 56.4
2006-11-15 5.37 -4.97 4.97 130.1 220.2
2006-12-15 3.37 -6.27 4.74 188.3 64.2
2007-01-15 5.92 -8.5 5.74 98.7 207.5
2007-02-15 5.39 -8.2 5.04 138.5 166.6
2007-03-15 5.12 -8.93 4.35 179.6 199.9
2007-04-15 3.36 -2.11 3.2 281.8 14.1
2007-05-15 6.05 -1.12 4.06 165.3 303.9
2007-06-15 6.31 2.28 3.63 157.8 152.2
2007-07-15 5.74 2.89 4.32 192.8 212.1
2007-08-15 5.62 2.91 3.48 171.3 179.8
2007-09-15 5.66 -2.03 4.27 141.2 310.8
2007-10-15 4.46 -2.55 3.71 199.1 99.9
2007-11-15 5.39 -8.64 4.9 107.8 306.6
2007-12-15 4.54 -9.91 5.03 132.3 180.9
2008-01-15 5.26 -7.96 5.45 157.4 108.2
2008-02-15 3.59 -7.81 4.54 200.17 84
2008-03-15 6.62 -11.4 5 113 306.9
2008-04-15 6.61 -7.47 4.27 136 360.8
2008-05-15 5.6 -0.68 3.55 186.32 49.4
2008-06-15 6.34 2.44 3.37 136.7 109.3
2008-07-15 6.03 2.73 3.58 156.3 280.1
2008-08-15 5.42 3.75 3.68 212.5 210.7
2008-09-15 5.58 -0.46 3.7 166.23 102.3
2008-10-15 5.11 -1.4 4.35 170.2 89.4
2008-11-15 5.19 -7.6 4.4 149.1 140.2
2008-12-15 5.1 -9.94 5.03 122.9 221.6
2009-01-15 3.8 -10.83 4.13 170.2 56.4
2009-02-15 6.19 -13.5 4.64 95.4 307.4
2009-03-15 6.44 -10.89 4.65 118.8 326.2
2009-04-15 4.83 -4.3 3.77 219 82.6
2009-05-15 5.91 -0.44 3.94 198.5 128
2009-06-15 6.93 0.14 3.97 102.2 231.8
2009-07-15 6.14 3.35 4.06 149.8 154.6
2009-08-15 5.09 5.28 3.35 206.2 167.6
2009-09-15 5.06 1.77 3.23 196.3 82
2009-10-15 5.59 -3.98 4.13 157.8 249.6
2009-11-15 5.5 -5.35 5.07 120.1 117.4
2009-12-15 5.98 -12.02 4.77 102 167.5
2010-01-15 5.48 -13.38 4.1 129.4 105.2
2010-02-15 5.48 -12.39 4.86 149.2 86.7
2010-03-15 5.69 -11.02 4.77 180.2 143
2010-04-15 5.39 -6.44 3.33 199.4 139.7
2010-05-15 7.27 -3.7 3.65 91.2 248
2010-06-15 5.59 1.55 3.4 188.7 205
2010-07-15 5.43 4.66 3.23 200.9 173.5
2010-08-15 6.69 2.1 4.23 111.7 297.3
2010-09-15 6.02 -1.32 3.7 152.4 102.7
2010-10-15 4.55 -2.86 4.1 200.8 166.7
2010-11-15 6.16 -7.61 4.77 113.5 114.7
2010-12-15 6.16 -13.32 5.23 78.2 166.5
2011-01-15 4.7 -10.5 4.68 151.8 144.7
2011-02-15 4.94 -9.49 4.18 157.8 63.4
2011-03-15 4.56 -7.46 4.23 230.6 119.6
2011-04-15 5.06 -4.06 3.3 220.9 82.2
2011-05-15 5.52 -0.82 3.23 227.5 215.9
2011-06-15 6.86 1.63 3.83 123.9 176.2
2011-07-15 6.63 1.1 3.71 128.6 183.1
2011-08-15 4.7 4.9 4.16 239.2 161.8
2011-09-15 4.44 3.64 4 217 129.5
2011-10-15 3.4 -0.98 3.74 238.4 156.4
2011-11-15 3.3 -1.16 3.6 232.8 0
2011-12-15 6.55 -9.45 5.32 74.3 362.9
2012-01-15 5.85 -11.31 4.97 96.7 384.2
2012-02-15 5.54 -14.58 4.38 143.2 129.5
2012-03-15 3.94 -5.91 3.77 263.4 81.3
2012-04-15 6.25 -6.54 4.5 186 178.9
2012-05-15 6.12 -1.56 3.55 185.4 150.1
2012-06-15 6.09 3.11 4.27 193.9 194.9
2012-07-15 6.16 3.86 4.1 160 167.7
2012-08-15 5.13 5.68 3.71 218 265.2
2012-09-15 5.22 2.08 4.2 205.3 123.4
2012-10-15 4.77 -0.78 4.52 181.1 118
2012-11-15 4.93 -3.59 4.4 160.2 75.4
2012-12-15 6.49 -11.47 5.06 75.3 288
2013-01-15 6.18 -10.58 4.61 96.7 208
2013-02-15 5.46 -14.49 4.25 119.2 195.9
2013-03-15 5.84 -9.59 4.45 147.5 102.4
2013-04-15 5.73 -4.37 4.23 181.2 44.3
2013-05-15 6.82 -3.69 3.61 115.4 297.8
2013-06-15 6.28 0.67 NA 153.9 276.7
2013-07-15 NA 4.92 3.1 221.4 83.4
2013-08-15 5.63 4 3.35 185.4 118.3
2013-09-15 6.04 0.57 4.1 128.5 241.7
2013-10-15 5.34 -1.02 4.65 179.5 123.8
2013-11-15 5.35 -7.41 4.57 124.9 165.2
2013-12-15 4.18 -6.57 4.87 170.1 47.9
2014-01-15 6.01 -8.51 4.84 110.9 121.4
2014-02-15 5.54 -9.02 4.71 143.2 82.8
2014-03-15 4.12 -6.09 3.97 240.8 138.6
2014-04-15 6.52 -4.83 3.47 131 176.6
2014-05-15 6.72 -3.34 3.74 149.3 271.1
2014-06-15 5.96 1.1 3.2 170.7 128.3
2014-07-15 6.46 3.17 3.39 122.7 381.4
2014-08-15 6.83 1.38 4 105.9 173.6
2014-09-15 6.19 0.98 3.07 131.7 122.3
2014-10-15 5.18 -0.73 4.52 154.1 151.7
2014-11-15 5.76 -2.68 4.6 133.2 51
2014-12-15 6.29 -9.06 4.84 69.3 171.1
2015-01-15 6.02 -10.75 5.13 110.2 201.6
2015-02-15 4.06 -10.76 4.21 170.3 78.6
2015-03-15 5.33 -8.51 NA 181 178.7
2015-04-15 5.48 -6.7 4 222.5 156.3
2015-05-15 7 -1.73 4.06 126.2 314
2015-06-15 6.26 2.15 3.5 168.7 167.2
2015-07-15 5.13 6.49 3.71 219.6 105.9
2015-08-15 4.86 6.01 3.23 197.5 146.2
2015-09-15 5.67 -0.87 3.87 157.5 137.4
2015-10-15 4.74 -2.13 3.87 186.9 80.1
2015-11-15 4.88 -4.1 4.77 149.1 110
2015-12-15 3.76 -3.24 4.16 189.9 44.1
2016-01-15 6.23 -10.56 5.03 83.2 260.6
2016-02-15 6.55 -9.55 5.31 91 225
2016-03-15 4.95 -10.01 4.23 179.5 124.4
2016-04-15 6.08 -5.4 4.57 157.1 145.4
2016-05-15 6.26 -2.77 3.84 153.9 324.2
2016-06-15 6.52 1.35 3.4 123.5 207.2
2016-07-15 6.56 3.87 3.48 144 183.2
2016-08-15 5.44 3.98 3.29 177.1 163.8
2016-09-15 4.91 2.42 3.5 186 88.2
2016-10-15 6.16 -4.21 3.87 131.6 86.5
2016-11-15 5.62 -6.84 4.83 114.6 100.5
2016-12-15 3.63 -5.9 3.9 199.2 23.6
2017-01-15 4 -12.28 4.52 171.9 222.3
2017-02-15 NA -7.8 4.54 154.9 95.4
2017-03-15 5.78 -6.31 4.71 206.8 219.9
2017-04-15 5.97 -7.47 4.1 159.1 237.4
2017-05-15 5.72 -1.33 3.55 197.9 156.3
2017-06-15 6.4 3.46 3.87 167.4 120
2017-07-15 6.41 3.56 3.97 151.5 234.5
2017-08-15 5.57 5.4 3.74 205.8 168.6
2017-09-15 6.53 -2.23 3.8 110 216.9
2017-10-15 4.84 -2 4.42 190.1 217.9
2017-11-15 6.16 -7.88 4.57 103.9 253.1
2017-12-15 5.35 -11.43 5.1 122.9 215.2
2018-01-15 5.58 -8.73 5.55 118.6 295.6
2018-02-15 4.97 -14.76 3.96 158.2 86
2018-03-15 6.59 -9.82 4.42 123.6 148.4
2018-04-15 5 -1.91 4.33 261.7 34.1
2018-05-15 5.94 0.36 3.29 196.4 149.8
2018-06-15 NA 2.08 2.8 162.4 142.5
2018-07-15 NA 3.95 2.94 158.2 128.1
2018-08-15 6.02 5.24 2.97 175.8 213.3
2018-09-15 NA 2.51 3.17 214.4 103
2018-10-15 3.87 -0.86 3.65 219.3 65.4
2018-11-15 5.22 -4.46 3.93 171.2 19.8
2018-12-15 6.24 -9.6 4.29 82.8 361.7
2019-01-15 NA -14.44 3.97 110.2 483.5
2019-02-15 4.72 -7 3.79 189.6 128.3
2019-03-15 5.34 -8.28 4.35 187.5 219.3
2019-04-15 5.22 -5.35 3.5 210.5 150
2019-05-15 6.67 -5.46 3.1 122.3 447.8
2019-06-15 3.92 5.45 3.37 311.6 84.6
2019-07-15 6.47 4.32 3 165.4 146.8
2019-08-15 6.04 4.9 3.23 186.4 160.7
2019-09-15 5.41 1.49 3.37 179 152.7
2019-10-15 5.31 -0.01 4.32 163.8 208.1
2019-11-15 6.14 -6.88 4.63 103.2 156.6
2019-12-15 NA -7.18 4.39 120.3 220.8
2020-01-15 4.12 -6.51 4.03 177 119.3
2020-02-15 NA -8.4 5.17 108.3 318.7
2020-03-15 NA -8.92 3.61 184.4 146.7
2020-04-15 4.19 -3.07 2.9 239.3 76.8
2020-05-15 6.24 -2.42 3.19 173.3 97.5
2020-06-15 6.25 1.03 2.97 153 291.8
2020-07-15 5.75 3.44 3.03 184.5 158.8
2020-08-15 5.36 4.81 2.87 174.5 195.3
2020-09-15 5 2.33 2.9 183.3 179
2020-10-15 5.93 -3.62 3.9 129.6 172.7
2020-11-15 2.99 -2.37 3.2 212.1 50.1
2020-12-15 5.45 -8.54 4.19 106.7 121.9
2021-01-15 5.94 -13.04 4.13 110.5 247.3
2021-02-15 4.25 -7.14 4.25 181.2 74.7
2021-03-15 5.17 -9.96 3.29 176.6 NA
2021-04-15 NA -9.37 NA 193.2 131.3
2021-05-15 6.61 -5.23 4.16 145.6 248.3
2021-06-15 5.56 3.95 2.93 217 127.8
2021-07-15 5.97 3.78 3.55 160.7 236.9
2021-08-15 6.38 2.02 3.29 145.7 243.2
2021-09-15 4.31 2.41 2.93 238.8 115
2021-10-15 4.69 -2.07 3.81 194.7 68.4
2021-11-15 4.96 -5.49 3.47 139.9 143.9
2021-12-15 5.12 -8.46 3.97 116.8 217.7
2022-01-15 NA -9.71 NA 154.1 188.8
2022-02-15 NA -9.96 4.64 138.1 310.4
2022-03-15 2.95 -7 2.94 281 30.9
2022-04-15 5.86 -6.36 3.3 186.6 118.8
2022-05-15 6.29 0.09 3.03 165.9 147.8
2022-06-15 5.36 4.42 3.4 213.3 145.2
2022-07-15 NA 5.07 3 208.4 85.6
2022-08-15 4.8 4.92 2.42 217.4 188
2022-09-15 6.33 -1.25 3.5 108.2 237.9
2022-10-15 5.36 1.4 3.94 180.2 112.7
2022-11-15 6 -5.63 3.6 127.2 144.8
2022-12-15 6.16 -7.98 4.68 87.9 110.1
2023-01-15 5.85 -10.38 4.26 118 123.4
2023-02-15 4.7 -8.73 3.75 159.4 156.2
2023-03-15 6.44 -7.92 4.58 147.1 235.6
2023-04-15 6.64 -8.04 3.47 124.5 305
2023-05-15 6.1 -1.44 NA 165.65 279.6
2023-06-15 5.01 2.85 2.57 224.12 125.9
2023-07-15 6.03 4.44 3.81 195.53 171.6
2023-08-15 5.66 4.58 3.23 178.93 265.7
2023-09-15 3.9 5.5 3 245.22 88.3
2023-10-15 5.76 0.45 4.42 183.92 83.8
2023-11-15 6.5 -8.67 4.9 73.62 396.4
2023-12-15 NA -7.46 4.71 99.52 261.2
2024-01-15 5.04 -8.81 4.39 131.5 203.2
2024-02-15 6.42 -6.88 4.48 106.2 150
2024-03-15 6.16 -7 4.32 NA 204
2024-04-15 NA -5.07 4.13 182.7 196.8
2024-05-15 NA -1.45 NA 156 249.1
2024-06-15 6.61 2.54 3.77 144.2 244
2024-07-15 5.85 5.63 3.39 200.2 160.8
2024-08-15 4.93 7.27 3.1 219.9 149.9
2024-09-15 5.68 -0.13 3.73 159.68 295.1
2024-10-15 5.44 -0.03 3.87 156.55 154.8
2024-11-15 3.71 -4.29 3.83 215.1 87.4
2024-12-15 4.3 -8.11 3.87 127.82 220.7
