date wind precip sunshine clouds pressure temperature
2020-05-28 3.9 0 10 4.9 1017.54 14.8
2020-05-29 3.1 0 9.967 3.9 1016.39 14.4
2020-05-30 4.1 0 9.967 6.3 1012.35 13.2
2020-05-31 4 0 9.833 4.5 1009.91 15.2
2020-06-01 3.6 0 15.667 0.5 1011.22 16.9
2020-06-02 3.3 0 15.333 1 1004.91 19.3
2020-06-03 2.7 0 12.467 4 993.91 19.2
2020-06-04 3.5 14 5.433 7.2 983.57 17.4
2020-06-05 4.6 2.3 3.433 7.2 983.13 13.1
2020-06-06 5 0.2 8.733 4.9 990.08 12.7
2020-06-07 3.5 0 1.75 6.6 995.81 14.1
2020-06-08 2.4 0 9.4 5 1001.58 16.2
2020-06-09 2.6 0 0.883 7.2 1004.2 17.2
2020-06-10 3.3 2.1 7.75 6.9 1002.18 16.4
2020-06-11 2.2 2 1.317 7.2 999.2 16.6
2020-06-12 2.8 0 6.417 7 999.38 20.2
2020-06-13 3.6 19.8 4.883 6.6 999.1 21.3
2020-06-14 3.6 0 5.183 4.8 1000.35 20.2
2020-06-15 3.5 0 12.8 2.3 1002.52 19.7
2020-06-16 2.2 0 14.617 4.3 1002.3 20.7
2020-06-17 2.9 0 12.283 6 999.42 23.2
2020-06-18 3 8.6 0.167 7.7 998.01 19.8
2020-06-19 3.5 0.5 0.017 7.8 1000.76 17.1
2020-06-20 5.7 0.4 1.967 7.7 1004.9 17.1
2020-06-21 4.3 0.4 6.933 6.1 1006.75 18.2
2020-06-22 3.8 0 14.267 1.4 1009.54 19.8
2020-06-23 3.2 0 15.867 0.6 1012.99 19
2020-06-24 2.8 0 10.15 4.9 1012.8 20
2020-06-25 3.9 0 8.517 4.8 1009.34 22.4
2020-06-26 3.5 1.2 9.983 3.5 1003.57 21.7
2020-06-27 3 0 10.633 2.9 998.28 23.8
2020-06-28 3.6 11.4 3.95 7.2 1000.61 20.6
2020-06-29 2.7 0 7.183 5.2 999.65 17.7
2020-06-30 5.2 0 9.4 6 996.77 18.7
2020-07-01 4.2 8.6 1.917 7.7 995.47 19.2
2020-07-02 3.5 0.2 7.55 6 998.08 19.3
2020-07-03 4.2 0 8.683 5.5 1003.31 18.6
2020-07-04 5.1 0 8.6 5.9 1002.7 20.3
2020-07-05 5.9 1.6 2.967 7 998.15 21.7
2020-07-06 6.5 1.6 9.6 4.1 999.55 16.5
2020-07-07 4.9 0.2 7.617 5.6 1005.69 15.3
2020-07-08 3.6 0.4 1 7.5 1003.83 14.5
2020-07-09 2.9 10.2 0.133 7.8 1001.55 16.2
2020-07-10 4.3 3.2 3.233 7.1 998.64 17.6
2020-07-11 3.8 0 8.783 4.6 1010.17 14.8
2020-07-12 3.3 0 11.017 3.7 1014.55 15.6
2020-07-13 2.2 0 14.6 3.9 1011.29 17.9
2020-07-14 3.3 0 11.2 4.8 1002.4 21.3
2020-07-15 2.4 6.9 0.017 7.8 1000.91 15.5
2020-07-16 3 0.2 5.917 6.6 1003.71 16.4
2020-07-17 2.9 0.9 5 4.5 1006.93 15.8
2020-07-18 1.9 0 13.883 1.5 1007.58 20.4
2020-07-19 2.2 0 10.283 5 1003.95 23.4
2020-07-20 3.8 0 8.567 5.6 1004.37 19.4
2020-07-21 3.3 0 13.367 1.9 1009.54 16.9
2020-07-22 3.2 2.4 10.75 4.4 1009.67 16.8
2020-07-23 2.4 0 10.717 4 1005.03 17.4
2020-07-24 4.8 0 9.917 4.4 998.74 20.5
2020-07-25 2.2 0 6.7 6.1 1000.42 20.2
2020-07-26 3.2 7.9 3.867 6.8 999.5 18.2
2020-07-27 2.7 0.4 7.683 5.2 1003.86 19.8
2020-07-28 5.2 0 8.883 6 997.9 22.2
2020-07-29 4.8 0 8.567 4.2 1005.61 18
2020-07-30 3.4 0 12.017 3.8 1008.61 17.2
2020-07-31 2.8 0 14.433 3.1 1007.13 19.8
2020-08-01 3.6 0 13.15 3.6 1003.88 22.4
2020-08-02 2.7 2.3 0.65 7.8 1000.8 19.7
2020-08-03 3.4 0 6.183 7.4 1000.07 17.8
2020-08-04 2.7 0 7.183 5.2 1002.58 17.2
2020-08-05 3.2 0 14.683 2.7 1006.81 20.8
2020-08-06 3.3 0 14.65 0.7 1009.83 22.6
2020-08-07 2.9 0 12.25 1.4 1009.9 25.7
2020-08-08 2.8 0 13.367 1.2 1007.94 28
2020-08-09 2.8 0 9.75 6.5 1005.88 27.9
2020-08-10 3.3 0 7.583 6.3 1006.18 25.1
2020-08-11 4.4 0 13.983 0.5 1007.68 25.8
2020-08-12 4.1 0 14.133 1.3 1007.04 24.7
2020-08-13 3 0.4 3.683 5.9 1002.89 24.1
2020-08-14 3 0 5.017 7.5 1001.25 24.1
2020-08-15 2.4 0 10.15 3.2 1002.59 24.5
2020-08-16 4 0 13.733 0.4 1002.29 24.1
2020-08-17 3.4 0.4 10.267 3.9 998.07 24.1
2020-08-18 3.1 0.5 2.533 7.5 997.87 21
2020-08-19 2.7 0 10.3 4.2 998.86 21
2020-08-20 3.1 0 6.467 6.6 999.02 23.8
2020-08-21 3.6 0.5 9.5 4.5 999.04 27.5
2020-08-22 4.1 4.9 3.683 6.5 1001.5 22.2
2020-08-23 5.1 0 8.567 5.1 1002.04 19.7
2020-08-24 4.3 0 5.567 6.3 1002.17 18.2
2020-08-25 3.7 0.2 8.183 4.7 999.87 17.9
2020-08-26 7.3 7.3 1.65 7.1 992.41 17
2020-08-27 6.4 0.3 4.35 7.1 1000.65 16.3
2020-08-28 3.6 0.1 2.433 7.8 992.91 17.1
2020-08-29 3 0 5.733 7.2 992.95 18.4
2020-08-30 2.2 20.1 4.917 6.9 996.27 17.3
2020-08-31 2.7 1.6 6 6.3 1003.14 16.4
2020-09-01 2.6 0 5.583 6.2 1005.9 14.6
2020-09-02 3.1 2.8 0.55 7.5 1004.97 14
2020-09-03 3.8 7.9 8.533 5.9 1006.81 16.9
2020-09-04 4 0.2 3.283 7.5 1007.38 17.8
2020-09-05 3.6 0.5 0.017 7.4 1004.55 15.5
2020-09-06 3.8 0 9.717 4 1006.49 14.4
2020-09-07 3.5 0 7.8 3.8 1010.97 14.5
2020-09-08 5.1 0 4.45 6.4 1012.13 16.7
2020-09-09 4.2 1.3 3.9 6.3 1007.86 19.5
2020-09-10 3.4 0 7.817 3.9 1008.87 14.7
2020-09-11 2.8 0 11.067 3.8 1006.19 16.1
2020-09-12 4.2 0 11.133 3.3 1006.54 18.4
2020-09-13 3.7 0 9.8 5.5 1013.45 17.6
2020-09-14 2.7 0 11.267 4.3 1014.71 21.6
2020-09-15 4 0 11.633 5.5 1009.12 23.2
2020-09-16 3.6 0 8.9 3.4 1005.67 21.8
2020-09-17 3.6 0 11.217 1.9 1015.55 14.2
2020-09-18 3.2 0 12.133 4.3 1017.04 12.5
2020-09-19 4.5 0 10.583 6 1011.27 13.9
2020-09-20 4.4 0 11.55 3.6 1007.68 15.3
2020-09-21 3.8 0 11.417 0 1005.5 16.6
2020-09-22 3.2 0 10.967 0.4 998.79 18.7
2020-09-23 3.2 0 8.767 3.5 993.41 19.7
2020-09-24 4.7 12.6 4.4 7.2 992.15 17.2
2020-09-25 3 3.4 1.733 7.1 985.92 12.6
2020-09-26 4.8 22.3 0 7.9 983.16 9.5
2020-09-27 2.4 0.2 0.85 7.9 992.42 9.1
2020-09-28 2.9 0 10.7 5.2 999.65 12.9
2020-09-29 1.8 0 4.933 5 1004.26 13.4
2020-09-30 2 0 10.883 1.1 1003.85 13.3
2020-10-01 2.9 0 7.15 4.2 995.2 12.8
2020-10-02 5 0 1.167 6.6 989.3 13.2
2020-10-03 5.6 0 6.567 6.6 982.35 16.4
2020-10-04 3.9 0 5.533 4.2 987.19 13.1
2020-10-05 4.1 1.8 0.3 6.5 991.92 10
2020-10-06 5 0.6 2.367 5.6 990.84 11.6
2020-10-07 4.3 3.8 3.083 6.4 996.24 11.8
2020-10-08 5.1 5.5 3.15 6.2 1003.34 11.7
2020-10-09 3.2 2.8 0.45 6.8 1004.9 12.4
2020-10-10 3.9 0 2.8 5.3 1005.2 9.3
2020-10-11 3.9 0 3.6 5 1005.69 7.3
2020-10-12 3 0 2.1 4.7 1005.07 7.9
2020-10-13 2.4 0.3 5.3 5.9 1003 7.9
2020-10-14 5.7 16.3 0 7.9 997.32 9.3
2020-10-15 4.5 2.3 0 7.6 1003.7 9.6
2020-10-16 3.2 0.2 0.567 7.4 1007.5 8.6
2020-10-17 2.2 0 3.2 6.7 1006.29 8.9
2020-10-18 5.6 2.8 0 7.3 1005.58 7.4
2020-10-19 3.4 0 2.2 6.5 1009.7 8
2020-10-20 4.4 3.7 1.2 7.3 1003.57 7.9
2020-10-21 4.7 0.3 0 7.5 997.26 11.4
2020-10-22 5.4 0 3.683 5.3 999.88 15.1
2020-10-23 3 5.3 0.7 7.5 999.52 13.4
2020-10-24 4.1 0 6.017 5.4 1000.89 12.2
2020-10-25 5.2 0 5.867 6.3 995.98 12
2020-10-26 3.3 0.7 0.383 7.9 991.99 10.6
2020-10-27 4.9 0 2.433 6.9 996.4 9.1
2020-10-28 5.1 2.2 2.317 7 997.43 9.8
2020-10-29 5.7 2.7 2.65 7.1 1000.56 9.3
2020-10-30 5.4 15 0 7.8 1004.12 10.9
2020-10-31 3.3 2.3 0 7.9 1008.5 13.2
2020-11-01 4.2 8 0.783 7.5 1002.02 12.1
2020-11-02 5.6 6.8 2.75 7 998.43 16.3
2020-11-03 3.9 0 5.783 6.1 1008.97 11.4
2020-11-04 4.6 0 6.983 3 1017.57 7.7
2020-11-05 4.7 0 7.9 3.4 1023.74 6.5
2020-11-06 3.5 0 0 8 1021.65 8.5
2020-11-07 2.7 0 5.633 3.5 1015.71 7.1
2020-11-08 2.9 0 7.6 2.2 1013.16 5
2020-11-09 3.6 0 0 8 1015.38 5.4
2020-11-10 2.8 0 0 8 1016.88 5.1
2020-11-11 1.9 0 0 7.8 1014.29 5.8
2020-11-12 3.5 0 3.733 6.3 1008.41 7.4
2020-11-13 4 0.3 7.267 5.4 1007.04 7.6
2020-11-14 3.8 0 0.967 7.3 1005.93 11.2
2020-11-15 5.2 1.2 4.517 6.9 1000.61 9.6
2020-11-16 4.6 0.1 2.15 7 1000.99 9
2020-11-17 4.8 0.3 1.083 7.2 1010.9 9.3
2020-11-18 4.5 0 0 6.2 1011.17 10.3
2020-11-19 6.6 1.1 0.9 5.6 1004.46 8.5
2020-11-20 4.6 0.1 2.65 2 1018.06 2.5
2020-11-21 5.7 0 0.7 6.2 1017.62 3.1
2020-11-22 5.7 0 1 7.8 1010.52 7.2
2020-11-23 5.4 0 3.95 4.1 1013.1 5.2
2020-11-24 4.1 0 6.717 4.4 1012.83 2.4
2020-11-25 3.4 0 0 6.6 1007.68 0.9
2020-11-26 3.9 0.2 0 6.6 1008.02 3.9
2020-11-27 1.8 0.3 2.167 7.1 1009.92 5.7
2020-11-28 1.7 0 0 7.3 1012.83 3.1
2020-11-29 2.5 0.3 0.1 5.9 1014.1 1.3
2020-11-30 2.9 0 0 7.5 1010.73 1
2020-12-01 3 0 0 7 1005.02 2
2020-12-02 3.3 0 5.383 2.8 1006.95 -1.6
2020-12-03 4.2 0 0 7.8 994.08 -1.3
2020-12-04 4.2 0 0.217 7.6 983.51 -0.2
2020-12-05 4 0 2.017 7.5 988.19 2.6
2020-12-06 5.2 0 1.983 7.8 988.98 6.4
2020-12-07 4.1 0 1.367 7.2 989.66 5.4
2020-12-08 4.2 0.5 5.083 5.4 994.97 3.3
2020-12-09 5.1 0.1 0 8 998.33 1.6
2020-12-10 3.7 0 0 7.9 997.15 -0.6
2020-12-11 4.3 0 0 8 991.25 -0.3
2020-12-12 4.2 0 0.05 8 989.71 0.5
2020-12-13 2.1 0 0 8 998.71 2.7
2020-12-14 3.9 0 1.55 7.9 1001.27 4.9
2020-12-15 3.9 0.6 0.033 8 1000.67 5.5
2020-12-16 2.8 0 0.833 6.6 1007.82 7.3
2020-12-17 4.3 1.1 2.633 6.8 1008.29 4.9
2020-12-18 4.2 0 6.183 5.7 1011.75 4.8
2020-12-19 4.7 0 7.15 2.5 1008.15 3.1
2020-12-20 3.9 1.6 3.8 7.8 1008.57 3.6
2020-12-21 4.3 5.6 5.7 5.6 1008.42 4.1
2020-12-22 6 1.4 0.433 7.5 998.35 9
2020-12-23 3 5 0 7.8 999.54 7
2020-12-24 5.7 1.4 0.35 7.2 993.39 5.8
2020-12-25 4.1 0.3 0 7.8 1005.56 2
2020-12-26 4.3 0 0 7.8 1007.01 0.4
2020-12-27 6.8 0 0.133 8 986.1 1.2
2020-12-28 3.9 2.3 1.55 7.8 972.11 1.9
2020-12-29 4.1 0 1.917 7.2 976.56 1.4
2020-12-30 4.5 0 5.5 3.5 989.2 1.5
2020-12-31 4 0 2.817 7.8 993.42 2
2021-01-01 2.8 0.3 0 7.8 995.49 1.6
2021-01-02 2.7 0.1 0 6.9 1002.2 0.6
2021-01-03 4.6 6.9 0 7.7 1002.71 0.2
2021-01-04 3.6 0.4 0 7.8 1004.56 0.4
2021-01-05 3.4 1.3 0 8 1004.02 1.2
2021-01-06 4 0.5 0 7.5 998.55 1.4
2021-01-07 4.3 0 0 7.6 997.7 0.6
2021-01-08 2.8 0.5 0 7.9 999.86 0.2
2021-01-09 2.7 0.1 0 7.9 1007.51 0.8
2021-01-10 3.1 0.1 0.367 7.9 1011.25 -0.2
2021-01-11 4.9 2.3 0 7.8 1004.41 0.2
2021-01-12 6.3 1.6 0 6.9 991.56 1
2021-01-13 7 5.1 0 6.9 993.72 1
2021-01-14 4.4 0 0.9 7.8 1002.06 0.8
2021-01-15 3.6 0.2 0 7.5 1011.05 -0.8
2021-01-16 4.1 0 0.017 7.8 1010.52 -2.2
2021-01-17 1.8 0 0 7 1007.7 -3.3
2021-01-18 3.7 5.9 0 7.8 1006.31 -1.6
2021-01-19 5.5 7.1 0 7.6 996.44 1.9
2021-01-20 5.7 0.2 0.483 8 990.77 5.2
2021-01-21 6.2 1.1 3.1 7.8 984.59 8
2021-01-22 5.8 0.5 0.35 7.1 981.02 6.1
2021-01-23 2.7 3.5 0 7.4 985 1.4
2021-01-24 2.4 0.9 0 7.9 984.46 0.5
2021-01-25 3.3 0 0.717 7.6 990.98 0.7
2021-01-26 4.3 0 3.933 5.6 999.33 0.2
2021-01-27 3.8 0.2 5.383 7 1000.32 1.1
2021-01-28 3.4 0 0 7.9 992.09 1.4
2021-01-29 3.3 6.8 0 7.8 986.54 -1.6
2021-01-30 2.4 0 0.85 7.4 990.05 -1.6
2021-01-31 2.8 0 8.117 2.9 993.31 -5.3
2021-02-01 4.8 0.1 2.5 7.9 987.17 -4.6
2021-02-02 3.3 1.8 0.017 7.9 989.7 0.7
2021-02-03 4.1 10.1 0.917 7.8 986.07 4.5
2021-02-04 3.4 0.9 0 7.9 999.38 0.6
2021-02-05 5.4 1.4 0 7.7 1005.86 -0.5
2021-02-06 7.1 0 0 8 1005.65 -2.1
2021-02-07 8.9 4.8 0 7.2 997.94 -6.3
2021-02-08 5.3 4.6 0 7.7 991.74 -9.4
2021-02-09 1.6 0.1 0 7.5 994 -9.4
2021-02-10 2.1 0.1 3.7 6.3 999.41 -8.8
2021-02-11 2.8 0 1.717 7.5 1013.84 -5.5
2021-02-12 2.4 0 8.4 3.4 1022.77 -5.7
2021-02-13 3.4 0 7.567 1 1027.91 -7.8
2021-02-14 2.9 0 7.45 4.5 1028.84 -5.9
2021-02-15 4.3 4.5 3.65 7.4 1019.03 -5.3
2021-02-16 3.4 2.3 0 8 1005.53 1.6
2021-02-17 5.3 0.2 0.067 8 1002.36 4.3
2021-02-18 3.7 3.6 5.217 7.9 1004.55 6.3
2021-02-19 5.1 0 7.867 6.6 1004.56 5.4
2021-02-20 4.3 0 7.817 7.8 1007.05 6.3
2021-02-21 4.6 0 9.583 3.2 1006.36 9.1
2021-02-22 3.7 0 9.8 0.3 1010.23 6.6
2021-02-23 4 0 5.817 6.3 1018.63 11.2
2021-02-24 4.5 0 7.567 4.4 1019 12.9
2021-02-25 4.3 1.2 8.4 0.9 1014.62 12.4
2021-02-26 4.2 0.6 1.067 5.9 1016.99 7.1
2021-02-27 4.3 0 0 6.8 1024.27 4.2
2021-02-28 3.6 0 0.933 5.8 1024.37 1.7
2021-03-01 2.4 0 4.433 4.4 1023.6 3.3
2021-03-02 1.3 0 5.5 3.8 1021.78 2.7
2021-03-03 3.7 0 8.183 2.9 1014.05 7
2021-03-04 3.9 0 0 7.3 1006.03 3.1
2021-03-05 3.1 0 9.8 3.1 1013.31 1.7
2021-03-06 4.5 0 2.883 4.9 1018.1 0.9
2021-03-07 5.8 0.7 0.05 7.9 1009.61 2.7
2021-03-08 2.5 0 10.883 5.1 1009.66 1.7
2021-03-09 3.3 0 7.45 7.6 1007.77 1.1
2021-03-10 4 1.3 9.35 5.8 1006.15 1.8
2021-03-11 6.6 5.8 2.25 7 988.32 6.2
2021-03-12 6.8 1.4 3.683 7.5 990.8 6.5
2021-03-13 6.4 7.1 1 6.1 984.62 5
2021-03-14 6.7 2.6 1.25 7.2 990.47 4.3
2021-03-15 4.9 9.5 0.85 6.8 994.68 4
2021-03-16 5.1 0 1.683 6.8 1003.96 4.1
2021-03-17 2.7 0.6 1.933 4.3 1009.71 1.7
2021-03-18 2.6 1.5 2.383 7.1 1008.82 1.7
2021-03-19 3.9 0.2 2.417 5.3 1010.34 0.5
2021-03-20 3.7 0 4.617 7.8 1013.49 0.7
2021-03-21 6.4 0.8 2.8 7.3 1001.93 5.1
2021-03-22 3.7 0.3 9.117 6.7 1007.37 4.5
2021-03-23 3.8 0 0 8 1011.28 5.5
2021-03-24 3.4 0 5.3 4.8 1010.36 8.4
2021-03-25 2.6 0.4 7.383 6.5 1007.57 9.5
2021-03-26 2.4 0 3.983 5.4 1006.39 10.9
2021-03-27 6.4 2.8 2.917 5.8 1005.3 6.3
2021-03-28 4.8 0 4.583 6.7 1014.58 7.2
2021-03-29 5.2 0 4.667 6 1015.01 13.5
2021-03-30 3.6 0 12.033 1.9 1017.4 15.3
2021-03-31 2.6 0 12.183 1.2 1010.76 16.6
2021-04-01 4.2 0.1 1.3 7.8 1005.46 11.5
2021-04-02 4.6 0 5.283 6.4 1007.71 5.8
2021-04-03 4.2 0 7.95 3.4 1009.47 5.3
2021-04-04 4.5 0 10.733 3.1 1007.35 5.1
2021-04-05 7 3.5 3 6.5 989.91 3.1
2021-04-06 6.1 0.2 6.55 5.7 992.9 1.4
2021-04-07 6.8 0.1 1.75 7.5 997.22 3.1
2021-04-08 6.5 0 1.383 7.5 1006.89 4
2021-04-09 5 1.2 8.6 7.5 1002.51 7.5
2021-04-10 2.5 5.2 0.033 7.9 1002.75 6.9
2021-04-11 5.2 6.3 5.717 7.1 998.6 10.7
2021-04-12 4.4 0 0.517 7.6 1010.55 4.4
2021-04-13 4.3 0 7.5 6.8 1015.68 4
2021-04-14 3.7 0 6.317 7 1015.25 4.2
2021-04-15 4 0 1.883 7.8 1015.14 3.7
2021-04-16 4.1 0 5.95 7.9 1012.17 7.1
2021-04-17 2.8 0.2 2.167 7.6 1009.25 8.7
2021-04-18 2.3 6.7 0.917 6.8 1008.4 7.1
2021-04-19 2.8 0.1 4.75 6.3 1007.56 8.1
2021-04-20 2.4 0 13.083 0.4 1003.57 11.1
2021-04-21 4.6 0 9.85 3.3 1002.13 10.5
2021-04-22 6.7 0.3 2.233 6.4 1007.15 7.1
2021-04-23 5.2 0 5.833 5.1 1012.27 8.1
2021-04-24 3.7 0 5.283 6.5 1012.44 6.9
2021-04-25 3.3 0 6 5.5 1011.67 6.4
2021-04-26 2.6 0 8.667 3 1008.85 4.9
2021-04-27 4.2 0 14.2 0.1 1002.99 6.9
2021-04-28 4.4 1.2 12.667 3.5 995.86 10.8
2021-04-29 4.6 7.1 5.283 6.5 990.86 10.8
2021-04-30 4 0 0.067 7.6 999.5 8.2
2021-05-01 2.3 0 4.967 7.8 1001.19 9.5
2021-05-02 4 2.6 0.533 7.1 1000.15 8.4
2021-05-03 5.4 0.7 4.117 6.8 1004.84 6.9
2021-05-04 6.9 1.8 1.567 7 989.77 9.9
2021-05-05 7.7 0.9 5.183 5.1 988.36 8.2
2021-05-06 4.8 0.7 8.267 5.9 993.91 7.5
2021-05-07 4.1 7.4 2.833 6.9 998.08 5.3
2021-05-08 3.4 0 8.667 6 1004.87 9.6
2021-05-09 4.7 0 12.4 6.3 997.7 18.9
2021-05-10 4.1 0 13.45 5.8 995.32 21.7
2021-05-11 3.8 15.6 10.183 6.4 993.5 19.8
2021-05-12 4.1 9 0 7.9 995.93 12.7
2021-05-13 4.5 6.4 0 7.8 993.18 10.9
2021-05-14 4.5 1.8 1.483 7.8 993.95 10.3
2021-05-15 3.5 0.7 8.2 5.4 993.64 12.8
2021-05-16 3.8 0.8 5.7 5.1 990.53 12.3
2021-05-17 3.6 1 8.1 4.7 991.5 12.9
2021-05-18 4.1 0.5 2.9 5.3 998.35 11.3
2021-05-19 3.4 0 8.917 5.5 1002.59 12.4
2021-05-20 3.9 0 7.933 5.9 1005.26 12.9
2021-05-21 5.5 0.6 7.683 5.1 994.22 14.9
2021-05-22 5.9 0.4 3.833 7 992.93 12.4
2021-05-23 5 0 6.667 5.5 1000.92 11.9
2021-05-24 4.2 1 13.267 5 1001.52 15.6
2021-05-25 5.2 3.7 4.017 7.5 999.57 11.5
2021-05-26 5.4 0 5.917 7.3 998.7 12.2
2021-05-27 5.7 1 3.983 7 1001 11.5
2021-05-28 4.4 0.3 4.467 6.9 1008.64 12.1
2021-05-29 5.1 0 4.583 5.6 1012.25 11.5
2021-05-30 3.7 0 14.6 1.9 1014.15 14.5
2021-05-31 2.5 0 15.75 2.4 1011.27 14.9
2021-06-01 3.9 0 10.65 7.8 1006.78 17.5
2021-06-02 3.7 0 11.033 3.6 1007.66 18.3
2021-06-03 4.2 0.4 14.333 3.7 1010.57 20.7
2021-06-04 4.4 0.3 7.233 6.3 1009.3 19.4
2021-06-05 4 0 12.833 7.3 1007.15 21.4
2021-06-06 3.6 0 8.617 6.4 1007.6 21.2
2021-06-07 3.7 0 15.433 1.6 1008.91 20.3
2021-06-08 3.4 0 13.517 1.5 1009.45 21.3
2021-06-09 2.3 0 15.617 2.6 1009.22 21.1
2021-06-10 3.4 0 10.75 7 1007.22 22.4
2021-06-11 2.9 0 11.95 6.3 1005.46 22.5
2021-06-12 5.7 1.3 4.083 5.3 1003.67 18.3
2021-06-13 5.6 0 5.7 4 1011.82 15
2021-06-14 2.6 0 15.383 2.1 1009.53 19.6
2021-06-15 3.1 0 5.867 7.5 1006.91 19.6
2021-06-16 3.7 0 15.233 3.5 1006.19 21.3
2021-06-17 4 0 15.467 0.2 1003.59 26.3
2021-06-18 4.1 0 15.783 0 1002.41 27.8
2021-06-19 3 1.6 11.917 3.4 1001.07 27.7
2021-06-20 3.8 0.6 7.7 5.4 996.92 27.1
2021-06-21 4.2 0 10.25 4.3 994.86 24.5
2021-06-22 3.8 0.1 1.017 6.6 1002.08 18.1
2021-06-23 2.5 0 3.383 7 1008.1 16.3
2021-06-24 1.8 1.8 0 8 1006.82 16.7
2021-06-25 2.3 0 3 7.8 1005.6 19.6
2021-06-26 2.4 0 12.933 3.7 1006.9 20.8
2021-06-27 2.3 0 14.683 2.1 1005.76 21.5
2021-06-28 2.9 0 10.2 5.9 1003.45 25
2021-06-29 2.8 24.1 4.4 7.5 998.81 23.2
2021-06-30 4.5 33.7 0 7.5 996.19 17.4
2021-07-01 5.5 7.4 0 7.8 998.7 15.2
2021-07-02 4.5 0 7.667 5.7 1003.05 18.8
2021-07-03 3.6 0 13.867 2 1003.25 19.4
2021-07-04 2.3 0 12.783 3.3 999.02 21.8
2021-07-05 3.3 1.3 5.4 7 997.91 19.8
2021-07-06 4.2 8 9.283 5.6 998.62 22.5
2021-07-07 2.6 6.2 4.35 6.3 1006.1 18.2
2021-07-08 2.7 4.2 2.917 7.6 1008.96 18.1
2021-07-09 4.4 21.8 0 7.8 1004.07 16.7
2021-07-10 4.8 0 8.583 7 1004.93 19.1
2021-07-11 3.9 0 12.05 5.6 1004.46 22.1
2021-07-12 2.8 0 3 6.7 1001.16 21.2
2021-07-13 3.5 2.2 11.667 6.2 997.25 23.5
2021-07-14 3.2 0 4.45 6.5 997.43 20.6
2021-07-15 2.4 0 7.683 4.3 1000.76 21.5
2021-07-16 3.5 6.8 9.1 5 1004.97 22.6
2021-07-17 4 0 6.767 5.8 1006.93 22.7
2021-07-18 3.9 0 11.967 2.5 1007.14 21.4
2021-07-19 3.7 0 1.067 6.8 1007.45 17
2021-07-20 3.1 0 5.05 5.9 1007.51 17.1
2021-07-21 2.7 0 1 7 1010.3 17.8
2021-07-22 2 0 1.567 7.4 1009.14 19.4
2021-07-23 2.1 0 11.067 2 1005.21 19.7
2021-07-24 3.5 0 10.833 2.8 1000.43 22.9
2021-07-25 3.7 0 8.05 6.4 997.83 23.3
2021-07-26 3.1 0 5.733 6.6 998.85 23.6
2021-07-27 4.3 0 10.133 6 1000.08 22.8
2021-07-28 3.8 0 4.983 5.8 999.37 20.8
2021-07-29 5.3 0 7.967 4.1 998.76 19.9
2021-07-30 4.5 0 12.883 4.7 996.89 20.2
2021-07-31 5.9 0 7.283 4.5 994.91 20.4
2021-08-01 3.3 12.1 4.05 6.8 996.26 17.2
2021-08-02 4.5 0 7.45 5.4 999.7 16.8
2021-08-03 2.1 1.8 3.65 6.8 1001.95 17.3
2021-08-04 2.4 0.5 4.683 6.6 1001.65 17.6
2021-08-05 3.1 4.8 5.85 7.8 998.31 17.8
2021-08-06 2.9 19 7.45 5.9 994.27 18.3
2021-08-07 3.6 4.8 8.383 4.9 993.62 18.7
2021-08-08 5.2 1.8 7.6 5.6 997.99 18
2021-08-09 4 2.1 5.933 5.6 1005.73 16.5
2021-08-10 3.7 4.2 6.483 5.3 1004.86 17.5
2021-08-11 3.3 0 9.5 4.4 1007.49 17.6
2021-08-12 2.3 0 11.517 5.2 1009.28 20.8
2021-08-13 3.1 0 10.15 6.6 1007.78 23.4
2021-08-14 3.3 0 12.867 4.8 1007.28 21.4
2021-08-15 2.8 0 11.433 6.2 1001.9 20.5
2021-08-16 6.3 2.2 5.05 5.5 995.96 18
2021-08-17 7.9 0.3 0.5 7 999.47 14.8
2021-08-18 5.9 0.2 2.733 7.5 1000.22 16.6
2021-08-19 5.1 0.2 0.667 7.9 1000.27 17.8
2021-08-20 3.2 0.8 2.417 7.3 1004.02 17.4
2021-08-21 2.2 0 9.2 6.2 1007.21 18.7
2021-08-22 3.5 11.8 1.633 7.8 1004.17 17.5
2021-08-23 3.9 0 1.15 6.9 1008.1 16.2
2021-08-24 3.7 0 11.317 3.1 1014.36 16.1
2021-08-25 4.6 8 4.617 6 1006.25 14.8
2021-08-26 5 17.4 1.95 7.6 997.05 13.5
2021-08-27 3.7 1.7 3.967 7.2 999.17 14.2
2021-08-28 2.2 0.8 2.917 7.8 1003.44 15.1
2021-08-29 2.3 12.1 1.433 7.5 1002.43 15.5
2021-08-30 3.3 3.2 0.067 7.9 1003.47 15.4
2021-08-31 4.3 0 6.383 6.4 1007.96 16
2021-09-01 3.9 0 6 4.6 1012.92 14.8
2021-09-02 3 0 5.483 3.9 1014.44 15.1
2021-09-03 3.5 0 11.45 0.9 1008.35 16.6
2021-09-04 3.4 0 3.367 5.5 1007.19 13.8
2021-09-05 2.1 0 6.133 5.9 1010.82 15.3
2021-09-06 2.6 0 10.417 4.5 1011.84 16.4
2021-09-07 2 0 9.033 5.6 1012.07 17
2021-09-08 3.2 0 12.05 0 1008.4 18.3
2021-09-09 3.8 0 12.15 1 1001.71 19.3
2021-09-10 3.6 8 8.85 2.6 1001.63 19.9
2021-09-11 3.2 3.5 3.2 6.3 1003.76 18.8
2021-09-12 3.3 0.4 1.583 7.6 1004.74 17
2021-09-13 3.1 0 5.267 5.9 1006.49 15.4
2021-09-14 3.4 0 11.633 2 1006.2 16.2
2021-09-15 4.2 9.9 2.5 7.8 1000.38 17.9
2021-09-16 5.2 0.9 1.067 7.4 1000.91 16.9
2021-09-17 5.1 0 0.733 7.7 1001.44 14.3
2021-09-18 3.8 1 0.35 7.9 1004.23 13.8
2021-09-19 2.4 0 0.317 8 1006.53 12.7
2021-09-20 1.7 0 1.733 7.8 1009.9 12.2
2021-09-21 3.8 0.1 1.917 7.8 1014.43 12.4
2021-09-22 3.9 0 4.517 5.5 1013.19 13.5
2021-09-23 7 0.5 2.683 6.4 1002.03 14.7
2021-09-24 6.3 0 2.783 7.3 1001.38 14.6
2021-09-25 4.2 0 1.933 5.8 1004.09 17.2
2021-09-26 3.8 0.5 9.6 4.3 1005.7 18.1
2021-09-27 3.3 0.2 0.017 8 1005.29 16.9
2021-09-28 3.5 0.2 1.467 7.9 1009.79 14.9
2021-09-29 3.7 16.7 2.05 6.3 1006.08 13
2021-09-30 5.6 0 5.533 5.4 1011.99 10.6
2021-10-01 4.4 0 9.683 7.8 1008.8 11.5
2021-10-02 4.5 0 6.95 7.5 1000.89 13.9
2021-10-03 5.3 0.2 0.783 7.9 996.16 17
2021-10-04 2.8 1.2 0 7.9 1005.61 13.6
2021-10-05 2.9 9.4 0 7.9 998.84 12
2021-10-06 4 0 5.417 4.5 1004.79 12
2021-10-07 2.2 0 10.817 1 1016.22 11.2
2021-10-08 3.5 0 9.367 2 1020.07 11
2021-10-09 4.5 0 10.65 0.1 1020.78 7.9
2021-10-10 3.8 0 9.95 2 1016.27 7.1
2021-10-11 4.7 1.3 4.167 5.1 1009.23 8.3
2021-10-12 5.2 0 2.65 3.1 1003.57 8.1
2021-10-13 4.3 1.8 6.283 3.4 1008.96 6.7
2021-10-14 5.1 1.1 0 7.8 1007.7 10.4
2021-10-15 5.7 1.2 1.5 5.1 1002.54 10.1
2021-10-16 3.4 0.1 2.617 7.2 1008.89 8.2
2021-10-17 3.7 0.8 0.333 7.9 1008.46 9
2021-10-18 3.8 0 4.233 7.9 1011.47 10.7
2021-10-19 4.2 0 2.433 7.8 1006.59 12.3
2021-10-20 6.3 1 1.217 7.9 994.59 15.1
2021-10-21 9.3 1.4 1.35 6.6 985.22 12.1
2021-10-22 8.2 4 0.333 5.9 997.96 6.8
2021-10-23 5.8 0 6.733 4 1012.4 6.7
2021-10-24 3.7 0 9.517 4.7 1015.79 6.6
2021-10-25 4.5 0 6.133 5.2 1008.18 6.2
2021-10-26 4.2 0 0.55 7.8 1007.73 9.6
2021-10-27 4.2 0 0.367 7.9 1010.78 11.8
2021-10-28 3.8 0 9.05 1.8 1008.34 9.7
2021-10-29 4 0 8.9 2.1 1001.74 8.2
2021-10-30 4.8 0 7.4 5.6 997.28 9.7
2021-10-31 4.9 0 7.933 7.8 996.11 12.5
2021-11-01 4.1 0.8 0.033 7.7 990.45 9.9
2021-11-02 2.5 0 2.2 7.4 989.25 8.7
2021-11-03 3.2 0 1.45 6.1 991.32 6.5
2021-11-04 5.4 50.5 0 7.8 987.39 6.8
2021-11-05 5.7 0 0.067 7.7 1005.03 7.6
2021-11-06 5.4 0 1.483 7.9 1011.78 8.4
2021-11-07 6.7 1.6 1.017 7.1 999.81 7.7
2021-11-08 5.2 0.7 0.633 7.6 1006.83 8.3
2021-11-09 3.2 0 3.35 5.5 1015.73 7.7
2021-11-10 3.3 0 7.2 5.7 1013.23 4.3
2021-11-11 2.8 0.3 3.5 6.5 1011.66 4.9
2021-11-12 2.6 0.1 0 7 1008 5.6
2021-11-13 2.8 0 3 7.9 1002.94 4.6
2021-11-14 2.8 0 0 8 1012.22 6.2
2021-11-15 3.5 0 0 NA 1016.45 5.3
2021-11-16 2.7 0 0 7.9 1011.17 5.8
2021-11-17 3.9 0 0 7.6 1007.32 5.2
2021-11-18 6 2 0 7.4 1011.07 7.5
2021-11-19 7.4 0 0 8 1010.9 11
2021-11-20 5.6 0 0.1 8 1008.11 10.6
2021-11-21 4.2 0.5 0 8 998.26 7.4
2021-11-22 3.5 0.2 6.3 3.6 1010.4 3
2021-11-23 4.9 0.5 0 6.7 1013.8 4.5
2021-11-24 3.3 0.2 0.333 8 1009.78 6.4
2021-11-25 3.4 0 0.517 7.9 997.07 3.9
2021-11-26 3.7 0 2.433 7.6 986.25 3.8
2021-11-27 3.7 3.7 0.183 7.5 980.31 1.2
2021-11-28 3.1 0 6.817 4.1 984.48 1
